2155.930000   0.000000e+00
2155.450000   0.000000e+00
2154.960000   0.000000e+00
2154.480000   0.000000e+00
2154.000000   0.000000e+00
2153.520000   0.000000e+00
2153.040000   0.000000e+00
2152.550000   0.000000e+00
2152.070000   0.000000e+00
2151.590000   0.000000e+00
2151.110000   0.000000e+00
2150.620000   0.000000e+00
2150.140000   0.000000e+00
2149.660000   0.000000e+00
2149.180000   0.000000e+00
2148.700000   0.000000e+00
2148.210000   0.000000e+00
2147.730000   0.000000e+00
2147.250000   0.000000e+00
2146.770000   0.000000e+00
2146.280000   0.000000e+00
2145.800000   0.000000e+00
2145.320000   0.000000e+00
2144.840000   0.000000e+00
2144.360000   0.000000e+00
2143.870000   0.000000e+00
2143.390000   0.000000e+00
2142.910000   0.000000e+00
2142.430000   0.000000e+00
2141.950000   0.000000e+00
2141.460000   0.000000e+00
2140.980000   0.000000e+00
2140.500000   0.000000e+00
2140.020000   0.000000e+00
2139.530000   0.000000e+00
2139.050000   0.000000e+00
2138.570000   0.000000e+00
2138.090000   0.000000e+00
2137.610000   0.000000e+00
2137.120000   0.000000e+00
2136.640000   0.000000e+00
2136.160000   0.000000e+00
2135.680000   0.000000e+00
2135.190000   0.000000e+00
2134.710000   0.000000e+00
2134.230000   0.000000e+00
2133.750000   0.000000e+00
2133.270000   0.000000e+00
2132.780000   0.000000e+00
2132.300000   0.000000e+00
2131.820000   0.000000e+00
2131.340000   0.000000e+00
2130.850000   0.000000e+00
2130.370000   0.000000e+00
2129.890000   0.000000e+00
2129.410000   0.000000e+00
2128.930000   0.000000e+00
2128.440000   0.000000e+00
2127.960000   0.000000e+00
2127.480000   0.000000e+00
2127.000000   0.000000e+00
2126.510000   0.000000e+00
2126.030000   0.000000e+00
2125.550000   0.000000e+00
2125.070000   0.000000e+00
2124.590000   0.000000e+00
2124.100000   0.000000e+00
2123.620000   0.000000e+00
2123.140000   0.000000e+00
2122.660000   0.000000e+00
2122.170000   0.000000e+00
2121.690000   0.000000e+00
2121.210000   0.000000e+00
2120.730000   0.000000e+00
2120.250000   0.000000e+00
2119.760000   0.000000e+00
2119.280000   0.000000e+00
2118.800000   0.000000e+00
2118.320000   0.000000e+00
2117.830000   0.000000e+00
2117.350000   0.000000e+00
2116.870000   0.000000e+00
2116.390000   0.000000e+00
2115.910000   0.000000e+00
2115.420000   0.000000e+00
2114.940000   0.000000e+00
2114.460000   0.000000e+00
2113.980000   0.000000e+00
2113.500000   0.000000e+00
2113.010000   0.000000e+00
2112.530000   0.000000e+00
2112.050000   0.000000e+00
2111.570000   0.000000e+00
2111.080000   0.000000e+00
2110.600000   0.000000e+00
2110.120000   0.000000e+00
2109.640000   0.000000e+00
2109.160000   0.000000e+00
2108.670000   0.000000e+00
2108.190000   0.000000e+00
2107.710000   0.000000e+00
2107.230000   0.000000e+00
2106.740000   0.000000e+00
2106.260000   0.000000e+00
2105.780000   0.000000e+00
2105.300000   0.000000e+00
2104.820000   0.000000e+00
2104.330000   0.000000e+00
2103.850000   0.000000e+00
2103.370000   0.000000e+00
2102.890000   0.000000e+00
2102.400000   0.000000e+00
2101.920000   0.000000e+00
2101.440000   0.000000e+00
2100.960000   0.000000e+00
2100.480000   0.000000e+00
2099.990000   0.000000e+00
2099.510000   0.000000e+00
2099.030000   0.000000e+00
2098.550000   0.000000e+00
2098.060000   0.000000e+00
2097.580000   0.000000e+00
2097.100000   0.000000e+00
2096.620000   0.000000e+00
2096.140000   0.000000e+00
2095.650000   0.000000e+00
2095.170000   0.000000e+00
2094.690000   0.000000e+00
2094.210000   0.000000e+00
2093.720000   0.000000e+00
2093.240000   0.000000e+00
2092.760000   0.000000e+00
2092.280000   0.000000e+00
2091.800000   0.000000e+00
2091.310000   0.000000e+00
2090.830000   0.000000e+00
2090.350000   0.000000e+00
2089.870000   0.000000e+00
2089.390000   0.000000e+00
2088.900000   0.000000e+00
2088.420000   0.000000e+00
2087.940000   0.000000e+00
2087.460000   0.000000e+00
2086.970000   0.000000e+00
2086.490000   0.000000e+00
2086.010000   0.000000e+00
2085.530000   0.000000e+00
2085.050000   0.000000e+00
2084.560000   0.000000e+00
2084.080000   0.000000e+00
2083.600000   0.000000e+00
2083.120000   0.000000e+00
2082.630000   0.000000e+00
2082.150000   0.000000e+00
2081.670000   0.000000e+00
2081.190000   0.000000e+00
2080.710000   0.000000e+00
2080.220000   0.000000e+00
2079.740000   0.000000e+00
2079.260000   0.000000e+00
2078.780000   0.000000e+00
2078.290000   0.000000e+00
2077.810000   0.000000e+00
2077.330000   0.000000e+00
2076.850000   0.000000e+00
2076.370000   0.000000e+00
2075.880000   0.000000e+00
2075.400000   0.000000e+00
2074.920000   0.000000e+00
2074.440000   0.000000e+00
2073.950000   0.000000e+00
2073.470000   0.000000e+00
2072.990000   0.000000e+00
2072.510000   0.000000e+00
2072.030000   0.000000e+00
2071.540000   0.000000e+00
2071.060000   0.000000e+00
2070.580000   0.000000e+00
2070.100000   0.000000e+00
2069.610000   0.000000e+00
2069.130000   0.000000e+00
2068.650000   0.000000e+00
2068.170000   0.000000e+00
2067.690000   0.000000e+00
2067.200000   0.000000e+00
2066.720000   0.000000e+00
2066.240000   0.000000e+00
2065.760000   0.000000e+00
2065.270000   0.000000e+00
2064.790000   0.000000e+00
2064.310000   0.000000e+00
2063.830000   0.000000e+00
2063.350000   0.000000e+00
2062.860000   0.000000e+00
2062.380000   0.000000e+00
2061.900000   0.000000e+00
2061.420000   0.000000e+00
2060.940000   0.000000e+00
2060.450000   0.000000e+00
2059.970000   0.000000e+00
2059.490000   0.000000e+00
2059.010000   0.000000e+00
2058.520000   0.000000e+00
2058.040000   0.000000e+00
2057.560000   0.000000e+00
2057.080000   0.000000e+00
2056.600000   0.000000e+00
2056.110000   0.000000e+00
2055.630000   0.000000e+00
2055.150000   0.000000e+00
2054.670000   0.000000e+00
2054.180000   0.000000e+00
2053.700000   0.000000e+00
2053.220000   0.000000e+00
2052.740000   0.000000e+00
2052.260000   0.000000e+00
2051.770000   0.000000e+00
2051.290000   0.000000e+00
2050.810000   0.000000e+00
2050.330000   0.000000e+00
2049.840000   0.000000e+00
2049.360000   0.000000e+00
2048.880000   0.000000e+00
2048.400000   0.000000e+00
2047.920000   0.000000e+00
2047.430000   0.000000e+00
2046.950000   0.000000e+00
2046.470000   0.000000e+00
2045.990000   0.000000e+00
2045.500000   0.000000e+00
2045.020000   0.000000e+00
2044.540000   0.000000e+00
2044.060000   0.000000e+00
2043.580000   0.000000e+00
2043.090000   0.000000e+00
2042.610000   0.000000e+00
2042.130000   0.000000e+00
2041.650000   0.000000e+00
2041.160000   0.000000e+00
2040.680000   0.000000e+00
2040.200000   0.000000e+00
2039.720000   0.000000e+00
2039.240000   0.000000e+00
2038.750000   0.000000e+00
2038.270000   0.000000e+00
2037.790000   0.000000e+00
2037.310000   0.000000e+00
2036.820000   0.000000e+00
2036.340000   0.000000e+00
2035.860000   0.000000e+00
2035.380000   0.000000e+00
2034.900000   0.000000e+00
2034.410000   0.000000e+00
2033.930000   0.000000e+00
2033.450000   0.000000e+00
2032.970000   0.000000e+00
2032.480000   0.000000e+00
2032.000000   0.000000e+00
2031.520000   0.000000e+00
2031.040000   0.000000e+00
2030.560000   0.000000e+00
2030.070000   0.000000e+00
2029.590000   0.000000e+00
2029.110000   0.000000e+00
2028.630000   0.000000e+00
2028.150000   0.000000e+00
2027.660000   0.000000e+00
2027.180000   0.000000e+00
2026.700000   0.000000e+00
2026.220000   0.000000e+00
2025.730000   0.000000e+00
2025.250000   0.000000e+00
2024.770000   0.000000e+00
2024.290000   0.000000e+00
2023.810000   0.000000e+00
2023.320000   0.000000e+00
2022.840000   0.000000e+00
2022.360000   0.000000e+00
2021.880000   0.000000e+00
2021.390000   0.000000e+00
2020.910000   0.000000e+00
2020.430000   0.000000e+00
2019.950000   0.000000e+00
2019.470000   0.000000e+00
2018.980000   0.000000e+00
2018.500000   0.000000e+00
2018.020000   0.000000e+00
2017.540000   0.000000e+00
2017.050000   0.000000e+00
2016.570000   0.000000e+00
2016.090000   0.000000e+00
2015.610000   0.000000e+00
2015.130000   0.000000e+00
2014.640000   0.000000e+00
2014.160000   0.000000e+00
2013.680000   0.000000e+00
2013.200000   0.000000e+00
2012.710000   0.000000e+00
2012.230000   0.000000e+00
2011.750000   0.000000e+00
2011.270000   0.000000e+00
2010.790000   0.000000e+00
2010.300000   0.000000e+00
2009.820000   0.000000e+00
2009.340000   0.000000e+00
2008.860000   0.000000e+00
2008.370000   0.000000e+00
2007.890000   0.000000e+00
2007.410000   0.000000e+00
2006.930000   0.000000e+00
2006.450000   0.000000e+00
2005.960000   0.000000e+00
2005.480000   0.000000e+00
2005.000000   0.000000e+00
2004.520000   0.000000e+00
2004.040000   0.000000e+00
2003.550000   0.000000e+00
2003.070000   0.000000e+00
2002.590000   0.000000e+00
2002.110000   0.000000e+00
2001.620000   0.000000e+00
2001.140000   0.000000e+00
2000.660000   0.000000e+00
2000.180000   0.000000e+00
1999.700000   0.000000e+00
1999.210000   0.000000e+00
1998.730000   0.000000e+00
1998.250000   0.000000e+00
1997.770000   0.000000e+00
1997.280000   0.000000e+00
1996.800000   0.000000e+00
1996.320000   0.000000e+00
1995.840000   0.000000e+00
1995.360000   0.000000e+00
1994.870000   0.000000e+00
1994.390000   0.000000e+00
1993.910000   0.000000e+00
1993.430000   0.000000e+00
1992.940000   0.000000e+00
1992.460000   0.000000e+00
1991.980000   0.000000e+00
1991.500000   0.000000e+00
1991.020000   0.000000e+00
1990.530000   0.000000e+00
1990.050000   0.000000e+00
1989.570000   0.000000e+00
1989.090000   0.000000e+00
1988.600000   0.000000e+00
1988.120000   0.000000e+00
1987.640000   0.000000e+00
1987.160000   0.000000e+00
1986.680000   0.000000e+00
1986.190000   0.000000e+00
1985.710000   0.000000e+00
1985.230000   0.000000e+00
1984.750000   0.000000e+00
1984.260000   0.000000e+00
1983.780000   0.000000e+00
1983.300000   0.000000e+00
1982.820000   0.000000e+00
1982.340000   0.000000e+00
1981.850000   0.000000e+00
1981.370000   0.000000e+00
1980.890000   0.000000e+00
1980.410000   0.000000e+00
1979.920000   0.000000e+00
1979.440000   0.000000e+00
1978.960000   0.000000e+00
1978.480000   0.000000e+00
1978.000000   0.000000e+00
1977.510000   0.000000e+00
1977.030000   0.000000e+00
1976.550000   0.000000e+00
1976.070000   0.000000e+00
1975.590000   0.000000e+00
1975.100000   0.000000e+00
1974.620000   0.000000e+00
1974.140000   0.000000e+00
1973.660000   0.000000e+00
1973.170000   0.000000e+00
1972.690000   0.000000e+00
1972.210000   0.000000e+00
1971.730000   0.000000e+00
1971.250000   0.000000e+00
1970.760000   0.000000e+00
1970.280000   0.000000e+00
1969.800000   0.000000e+00
1969.320000   0.000000e+00
1968.830000   0.000000e+00
1968.350000   0.000000e+00
1967.870000   0.000000e+00
1967.390000   0.000000e+00
1966.910000   0.000000e+00
1966.420000   0.000000e+00
1965.940000   0.000000e+00
1965.460000   0.000000e+00
1964.980000   0.000000e+00
1964.490000   0.000000e+00
1964.010000   0.000000e+00
1963.530000   0.000000e+00
1963.050000   0.000000e+00
1962.570000   0.000000e+00
1962.080000   0.000000e+00
1961.600000   0.000000e+00
1961.120000   0.000000e+00
1960.640000   0.000000e+00
1960.150000   0.000000e+00
1959.670000   0.000000e+00
1959.190000   0.000000e+00
1958.710000   0.000000e+00
1958.230000   0.000000e+00
1957.740000   0.000000e+00
1957.260000   0.000000e+00
1956.780000   0.000000e+00
1956.300000   0.000000e+00
1955.810000   0.000000e+00
1955.330000   0.000000e+00
1954.850000   0.000000e+00
1954.370000   0.000000e+00
1953.890000   0.000000e+00
1953.400000   0.000000e+00
1952.920000   0.000000e+00
1952.440000   0.000000e+00
1951.960000   0.000000e+00
1951.470000   0.000000e+00
1950.990000   0.000000e+00
1950.510000   0.000000e+00
1950.030000   0.000000e+00
1949.550000   0.000000e+00
1949.060000   0.000000e+00
1948.580000   0.000000e+00
1948.100000   0.000000e+00
1947.620000   0.000000e+00
1947.140000   0.000000e+00
1946.650000   0.000000e+00
1946.170000   0.000000e+00
1945.690000   0.000000e+00
1945.210000   0.000000e+00
1944.720000   0.000000e+00
1944.240000   0.000000e+00
1943.760000   0.000000e+00
1943.280000   0.000000e+00
1942.800000   0.000000e+00
1942.310000   0.000000e+00
1941.830000   0.000000e+00
1941.350000   0.000000e+00
1940.870000   0.000000e+00
1940.380000   0.000000e+00
1939.900000   0.000000e+00
1939.420000   0.000000e+00
1938.940000   0.000000e+00
1938.460000   0.000000e+00
1937.970000   0.000000e+00
1937.490000   0.000000e+00
1937.010000   0.000000e+00
1936.530000   0.000000e+00
1936.040000   0.000000e+00
1935.560000   0.000000e+00
1935.080000   0.000000e+00
1934.600000   0.000000e+00
1934.120000   0.000000e+00
1933.630000   0.000000e+00
1933.150000   0.000000e+00
1932.670000   0.000000e+00
1932.190000   0.000000e+00
1931.700000   0.000000e+00
1931.220000   0.000000e+00
1930.740000   0.000000e+00
1930.260000   0.000000e+00
1929.780000   0.000000e+00
1929.290000   0.000000e+00
1928.810000   0.000000e+00
1928.330000   0.000000e+00
1927.850000   0.000000e+00
1927.360000   0.000000e+00
1926.880000   0.000000e+00
1926.400000   0.000000e+00
1925.920000   0.000000e+00
1925.440000   0.000000e+00
1924.950000   0.000000e+00
1924.470000   0.000000e+00
1923.990000   0.000000e+00
1923.510000   0.000000e+00
1923.030000   0.000000e+00
1922.540000   0.000000e+00
1922.060000   0.000000e+00
1921.580000   0.000000e+00
1921.100000   0.000000e+00
1920.610000   0.000000e+00
1920.130000   0.000000e+00
1919.650000   0.000000e+00
1919.170000   0.000000e+00
1918.690000   0.000000e+00
1918.200000   0.000000e+00
1917.720000   0.000000e+00
1917.240000   0.000000e+00
1916.760000   0.000000e+00
1916.270000   0.000000e+00
1915.790000   0.000000e+00
1915.310000   0.000000e+00
1914.830000   0.000000e+00
1914.350000   0.000000e+00
1913.860000   0.000000e+00
1913.380000   0.000000e+00
1912.900000   0.000000e+00
1912.420000   0.000000e+00
1911.930000   0.000000e+00
1911.450000   0.000000e+00
1910.970000   0.000000e+00
1910.490000   0.000000e+00
1910.010000   0.000000e+00
1909.520000   0.000000e+00
1909.040000   0.000000e+00
1908.560000   0.000000e+00
1908.080000   0.000000e+00
1907.590000   0.000000e+00
1907.110000   0.000000e+00
1906.630000   0.000000e+00
1906.150000   0.000000e+00
1905.670000   0.000000e+00
1905.180000   0.000000e+00
1904.700000   0.000000e+00
1904.220000   0.000000e+00
1903.740000   0.000000e+00
1903.250000   0.000000e+00
1902.770000   0.000000e+00
1902.290000   0.000000e+00
1901.810000   0.000000e+00
1901.330000   0.000000e+00
1900.840000   0.000000e+00
1900.360000   0.000000e+00
1899.880000   0.000000e+00
1899.400000   0.000000e+00
1898.910000   0.000000e+00
1898.430000   0.000000e+00
1897.950000   0.000000e+00
1897.470000   0.000000e+00
1896.990000   0.000000e+00
1896.500000   0.000000e+00
1896.020000   0.000000e+00
1895.540000   0.000000e+00
1895.060000   0.000000e+00
1894.580000   0.000000e+00
1894.090000   0.000000e+00
1893.610000   0.000000e+00
1893.130000   0.000000e+00
1892.650000   0.000000e+00
1892.160000   0.000000e+00
1891.680000   0.000000e+00
1891.200000   0.000000e+00
1890.720000   0.000000e+00
1890.240000   0.000000e+00
1889.750000   0.000000e+00
1889.270000   0.000000e+00
1888.790000   0.000000e+00
1888.310000   0.000000e+00
1887.820000   0.000000e+00
1887.340000   0.000000e+00
1886.860000   0.000000e+00
1886.380000   0.000000e+00
1885.900000   0.000000e+00
1885.410000   0.000000e+00
1884.930000   0.000000e+00
1884.450000   0.000000e+00
1883.970000   0.000000e+00
1883.480000   0.000000e+00
1883.000000   0.000000e+00
1882.520000   0.000000e+00
1882.040000   0.000000e+00
1881.560000   0.000000e+00
1881.070000   0.000000e+00
1880.590000   0.000000e+00
1880.110000   0.000000e+00
1879.630000   0.000000e+00
1879.140000   0.000000e+00
1878.660000   0.000000e+00
1878.180000   0.000000e+00
1877.700000   0.000000e+00
1877.220000   0.000000e+00
1876.730000   0.000000e+00
1876.250000   0.000000e+00
1875.770000   0.000000e+00
1875.290000   0.000000e+00
1874.800000   0.000000e+00
1874.320000   0.000000e+00
1873.840000   0.000000e+00
1873.360000   0.000000e+00
1872.880000   0.000000e+00
1872.390000   0.000000e+00
1871.910000   0.000000e+00
1871.430000   0.000000e+00
1870.950000   0.000000e+00
1870.460000   0.000000e+00
1869.980000   0.000000e+00
1869.500000   0.000000e+00
1869.020000   0.000000e+00
1868.540000   0.000000e+00
1868.050000   0.000000e+00
1867.570000   0.000000e+00
1867.090000   0.000000e+00
1866.610000   0.000000e+00
1866.120000   0.000000e+00
1865.640000   0.000000e+00
1865.160000   0.000000e+00
1864.680000   0.000000e+00
1864.200000   0.000000e+00
1863.710000   0.000000e+00
1863.230000   0.000000e+00
1862.750000   0.000000e+00
1862.270000   0.000000e+00
1861.790000   0.000000e+00
1861.300000   0.000000e+00
1860.820000   0.000000e+00
1860.340000   0.000000e+00
1859.860000   0.000000e+00
1859.370000   0.000000e+00
1858.890000   0.000000e+00
1858.410000   0.000000e+00
1857.930000   0.000000e+00
1857.450000   0.000000e+00
1856.960000   0.000000e+00
1856.480000   0.000000e+00
1856.000000   0.000000e+00
1855.520000   0.000000e+00
1855.030000   0.000000e+00
1854.550000   0.000000e+00
1854.070000   0.000000e+00
1853.590000   0.000000e+00
1853.110000   0.000000e+00
1852.620000   0.000000e+00
1852.140000   0.000000e+00
1851.660000   0.000000e+00
1851.180000   0.000000e+00
1850.690000   0.000000e+00
1850.210000   0.000000e+00
1849.730000   0.000000e+00
1849.250000   0.000000e+00
1848.770000   0.000000e+00
1848.280000   0.000000e+00
1847.800000   0.000000e+00
1847.320000   0.000000e+00
1846.840000   0.000000e+00
1846.350000   0.000000e+00
1845.870000   0.000000e+00
1845.390000   0.000000e+00
1844.910000   0.000000e+00
1844.430000   0.000000e+00
1843.940000   0.000000e+00
1843.460000   0.000000e+00
1842.980000   0.000000e+00
1842.500000   0.000000e+00
1842.010000   0.000000e+00
1841.530000   0.000000e+00
1841.050000   0.000000e+00
1840.570000   0.000000e+00
1840.090000   0.000000e+00
1839.600000   0.000000e+00
1839.120000   0.000000e+00
1838.640000   0.000000e+00
1838.160000   0.000000e+00
1837.680000   0.000000e+00
1837.190000   0.000000e+00
1836.710000   0.000000e+00
1836.230000   0.000000e+00
1835.750000   0.000000e+00
1835.260000   0.000000e+00
1834.780000   0.000000e+00
1834.300000   0.000000e+00
1833.820000   0.000000e+00
1833.340000   0.000000e+00
1832.850000   0.000000e+00
1832.370000   0.000000e+00
1831.890000   0.000000e+00
1831.410000   0.000000e+00
1830.920000   0.000000e+00
1830.440000   0.000000e+00
1829.960000   0.000000e+00
1829.480000   0.000000e+00
1829.000000   0.000000e+00
1828.510000   0.000000e+00
1828.030000   0.000000e+00
1827.550000   0.000000e+00
1827.070000   0.000000e+00
1826.580000   0.000000e+00
1826.100000   0.000000e+00
1825.620000   0.000000e+00
1825.140000   0.000000e+00
1824.660000   0.000000e+00
1824.170000   0.000000e+00
1823.690000   0.000000e+00
1823.210000   0.000000e+00
1822.730000   0.000000e+00
1822.240000   0.000000e+00
1821.760000   0.000000e+00
1821.280000   0.000000e+00
1820.800000   0.000000e+00
1820.320000   0.000000e+00
1819.830000   0.000000e+00
1819.350000   0.000000e+00
1818.870000   0.000000e+00
1818.390000   0.000000e+00
1817.900000   0.000000e+00
1817.420000   0.000000e+00
1816.940000   0.000000e+00
1816.460000   0.000000e+00
1815.980000   0.000000e+00
1815.490000   0.000000e+00
1815.010000   0.000000e+00
1814.530000   0.000000e+00
1814.050000   0.000000e+00
1813.560000   0.000000e+00
1813.080000   0.000000e+00
1812.600000   0.000000e+00
1812.120000   0.000000e+00
1811.640000   0.000000e+00
1811.150000   0.000000e+00
1810.670000   0.000000e+00
1810.190000   0.000000e+00
1809.710000   0.000000e+00
1809.230000   0.000000e+00
1808.740000   0.000000e+00
1808.260000   0.000000e+00
1807.780000   0.000000e+00
1807.300000   0.000000e+00
1806.810000   0.000000e+00
1806.330000   0.000000e+00
1805.850000   0.000000e+00
1805.370000   0.000000e+00
1804.890000   0.000000e+00
1804.400000   0.000000e+00
1803.920000   0.000000e+00
1803.440000   0.000000e+00
1802.960000   0.000000e+00
1802.470000   0.000000e+00
1801.990000   0.000000e+00
1801.510000   0.000000e+00
1801.030000   0.000000e+00
1800.550000   0.000000e+00
1800.060000   0.000000e+00
1799.580000   0.000000e+00
1799.100000   0.000000e+00
1798.620000   0.000000e+00
1798.130000   0.000000e+00
1797.650000   0.000000e+00
1797.170000   0.000000e+00
1796.690000   0.000000e+00
1796.210000   0.000000e+00
1795.720000   0.000000e+00
1795.240000   0.000000e+00
1794.760000   0.000000e+00
1794.280000   0.000000e+00
1793.790000   0.000000e+00
1793.310000   0.000000e+00
1792.830000   0.000000e+00
1792.350000   0.000000e+00
1791.870000   0.000000e+00
1791.380000   0.000000e+00
1790.900000   0.000000e+00
1790.420000   0.000000e+00
1789.940000   0.000000e+00
1789.450000   0.000000e+00
1788.970000   0.000000e+00
1788.490000   0.000000e+00
1788.010000   0.000000e+00
1787.530000   0.000000e+00
1787.040000   0.000000e+00
1786.560000   0.000000e+00
1786.080000   0.000000e+00
1785.600000   0.000000e+00
1785.110000   0.000000e+00
1784.630000   0.000000e+00
1784.150000   0.000000e+00
1783.670000   0.000000e+00
1783.190000   0.000000e+00
1782.700000   0.000000e+00
1782.220000   0.000000e+00
1781.740000   0.000000e+00
1781.260000   0.000000e+00
1780.780000   0.000000e+00
1780.290000   0.000000e+00
1779.810000   0.000000e+00
1779.330000   0.000000e+00
1778.850000   0.000000e+00
1778.360000   0.000000e+00
1777.880000   0.000000e+00
1777.400000   0.000000e+00
1776.920000   0.000000e+00
1776.440000   0.000000e+00
1775.950000   0.000000e+00
1775.470000   0.000000e+00
1774.990000   0.000000e+00
1774.510000   0.000000e+00
1774.020000   0.000000e+00
1773.540000   0.000000e+00
1773.060000   0.000000e+00
1772.580000   0.000000e+00
1772.100000   0.000000e+00
1771.610000   0.000000e+00
1771.130000   0.000000e+00
1770.650000   0.000000e+00
1770.170000   0.000000e+00
1769.680000   0.000000e+00
1769.200000   0.000000e+00
1768.720000   0.000000e+00
1768.240000   0.000000e+00
1767.760000   0.000000e+00
1767.270000   0.000000e+00
1766.790000   0.000000e+00
1766.310000   0.000000e+00
1765.830000   0.000000e+00
1765.340000   0.000000e+00
1764.860000   0.000000e+00
1764.380000   0.000000e+00
1763.900000   0.000000e+00
1763.420000   0.000000e+00
1762.930000   0.000000e+00
1762.450000   0.000000e+00
1761.970000   0.000000e+00
1761.490000   0.000000e+00
1761.000000   0.000000e+00
1760.520000   0.000000e+00
1760.040000   0.000000e+00
1759.560000   0.000000e+00
1759.080000   0.000000e+00
1758.590000   0.000000e+00
1758.110000   0.000000e+00
1757.630000   0.000000e+00
1757.150000   0.000000e+00
1756.670000   0.000000e+00
1756.180000   0.000000e+00
1755.700000   0.000000e+00
1755.220000   0.000000e+00
1754.740000   0.000000e+00
1754.250000   0.000000e+00
1753.770000   0.000000e+00
1753.290000   0.000000e+00
1752.810000   0.000000e+00
1752.330000   0.000000e+00
1751.840000   0.000000e+00
1751.360000   0.000000e+00
1750.880000   0.000000e+00
1750.400000   0.000000e+00
1749.910000   0.000000e+00
1749.430000   0.000000e+00
1748.950000   0.000000e+00
1748.470000   0.000000e+00
1747.990000   0.000000e+00
1747.500000   0.000000e+00
1747.020000   0.000000e+00
1746.540000   0.000000e+00
1746.060000   0.000000e+00
1745.570000   0.000000e+00
1745.090000   0.000000e+00
1744.610000   0.000000e+00
1744.130000   0.000000e+00
1743.650000   0.000000e+00
1743.160000   0.000000e+00
1742.680000   0.000000e+00
1742.200000   0.000000e+00
1741.720000   0.000000e+00
1741.230000   0.000000e+00
1740.750000   0.000000e+00
1740.270000   0.000000e+00
1739.790000   0.000000e+00
1739.310000   0.000000e+00
1738.820000   0.000000e+00
1738.340000   0.000000e+00
1737.860000   0.000000e+00
1737.380000   0.000000e+00
1736.890000   0.000000e+00
1736.410000   0.000000e+00
1735.930000   0.000000e+00
1735.450000   0.000000e+00
1734.970000   0.000000e+00
1734.480000   0.000000e+00
1734.000000   0.000000e+00
1733.520000   0.000000e+00
1733.040000   0.000000e+00
1732.550000   0.000000e+00
1732.070000   0.000000e+00
1731.590000   0.000000e+00
1731.110000   0.000000e+00
1730.630000   0.000000e+00
1730.140000   0.000000e+00
1729.660000   0.000000e+00
1729.180000   0.000000e+00
1728.700000   0.000000e+00
1728.220000   0.000000e+00
1727.730000   0.000000e+00
1727.250000   0.000000e+00
1726.770000   0.000000e+00
1726.290000   0.000000e+00
1725.800000   0.000000e+00
1725.320000   0.000000e+00
1724.840000   0.000000e+00
1724.360000   0.000000e+00
1723.880000   0.000000e+00
1723.390000   0.000000e+00
1722.910000   0.000000e+00
1722.430000   0.000000e+00
1721.950000   0.000000e+00
1721.460000   0.000000e+00
1720.980000   0.000000e+00
1720.500000   0.000000e+00
1720.020000   0.000000e+00
1719.540000   0.000000e+00
1719.050000   0.000000e+00
1718.570000   0.000000e+00
1718.090000   0.000000e+00
1717.610000   0.000000e+00
1717.120000   0.000000e+00
1716.640000   0.000000e+00
1716.160000   0.000000e+00
1715.680000   0.000000e+00
1715.200000   0.000000e+00
1714.710000   0.000000e+00
1714.230000   0.000000e+00
1713.750000   0.000000e+00
1713.270000   0.000000e+00
1712.780000   0.000000e+00
1712.300000   0.000000e+00
1711.820000   0.000000e+00
1711.340000   0.000000e+00
1710.860000   0.000000e+00
1710.370000   0.000000e+00
1709.890000   0.000000e+00
1709.410000   0.000000e+00
1708.930000   0.000000e+00
1708.440000   0.000000e+00
1707.960000   0.000000e+00
1707.480000   0.000000e+00
1707.000000   0.000000e+00
1706.520000   0.000000e+00
1706.030000   0.000000e+00
1705.550000   0.000000e+00
1705.070000   0.000000e+00
1704.590000   0.000000e+00
1704.100000   0.000000e+00
1703.620000   0.000000e+00
1703.140000   0.000000e+00
1702.660000   0.000000e+00
1702.180000   0.000000e+00
1701.690000   0.000000e+00
1701.210000   0.000000e+00
1700.730000   0.000000e+00
1700.250000   0.000000e+00
1699.770000   0.000000e+00
1699.280000   0.000000e+00
1698.800000   0.000000e+00
1698.320000   0.000000e+00
1697.840000   0.000000e+00
1697.350000   0.000000e+00
1696.870000   0.000000e+00
1696.390000   0.000000e+00
1695.910000   0.000000e+00
1695.430000   0.000000e+00
1694.940000   0.000000e+00
1694.460000   0.000000e+00
1693.980000   0.000000e+00
1693.500000   0.000000e+00
1693.010000   0.000000e+00
1692.530000   0.000000e+00
1692.050000   0.000000e+00
1691.570000   0.000000e+00
1691.090000   0.000000e+00
1690.600000   0.000000e+00
1690.120000   0.000000e+00
1689.640000   0.000000e+00
1689.160000   0.000000e+00
1688.670000   0.000000e+00
1688.190000   0.000000e+00
1687.710000   0.000000e+00
1687.230000   0.000000e+00
1686.750000   0.000000e+00
1686.260000   0.000000e+00
1685.780000   0.000000e+00
1685.300000   0.000000e+00
1684.820000   0.000000e+00
1684.330000   0.000000e+00
1683.850000   0.000000e+00
1683.370000   0.000000e+00
1682.890000   0.000000e+00
1682.410000   0.000000e+00
1681.920000   0.000000e+00
1681.440000   0.000000e+00
1680.960000   0.000000e+00
1680.480000   0.000000e+00
1679.990000   0.000000e+00
1679.510000   0.000000e+00
1679.030000   0.000000e+00
1678.550000   0.000000e+00
1678.070000   0.000000e+00
1677.580000   0.000000e+00
1677.100000   0.000000e+00
1676.620000   0.000000e+00
1676.140000   0.000000e+00
1675.650000   0.000000e+00
1675.170000   0.000000e+00
1674.690000   0.000000e+00
1674.210000   0.000000e+00
1673.730000   0.000000e+00
1673.240000   0.000000e+00
1672.760000   0.000000e+00
1672.280000   0.000000e+00
1671.800000   0.000000e+00
1671.320000   0.000000e+00
1670.830000   0.000000e+00
1670.350000   0.000000e+00
1669.870000   0.000000e+00
1669.390000   0.000000e+00
1668.900000   0.000000e+00
1668.420000   0.000000e+00
1667.940000   0.000000e+00
1667.460000   0.000000e+00
1666.980000   0.000000e+00
1666.490000   0.000000e+00
1666.010000   0.000000e+00
1665.530000   0.000000e+00
1665.050000   0.000000e+00
1664.560000   0.000000e+00
1664.080000   0.000000e+00
1663.600000   0.000000e+00
1663.120000   0.000000e+00
1662.640000   0.000000e+00
1662.150000   0.000000e+00
1661.670000   0.000000e+00
1661.190000   0.000000e+00
1660.710000   0.000000e+00
1660.220000   0.000000e+00
1659.740000   0.000000e+00
1659.260000   0.000000e+00
1658.780000   0.000000e+00
1658.300000   0.000000e+00
1657.810000   0.000000e+00
1657.330000   0.000000e+00
1656.850000   0.000000e+00
1656.370000   0.000000e+00
1655.880000   0.000000e+00
1655.400000   0.000000e+00
1654.920000   0.000000e+00
1654.440000   0.000000e+00
1653.960000   0.000000e+00
1653.470000   0.000000e+00
1652.990000   0.000000e+00
1652.510000   0.000000e+00
1652.030000   0.000000e+00
1651.540000   0.000000e+00
1651.060000   0.000000e+00
1650.580000   0.000000e+00
1650.100000   0.000000e+00
1649.620000   0.000000e+00
1649.130000   0.000000e+00
1648.650000   0.000000e+00
1648.170000   0.000000e+00
1647.690000   0.000000e+00
1647.200000   0.000000e+00
1646.720000   0.000000e+00
1646.240000   0.000000e+00
1645.760000   0.000000e+00
1645.280000   0.000000e+00
1644.790000   0.000000e+00
1644.310000   0.000000e+00
1643.830000   0.000000e+00
1643.350000   0.000000e+00
1642.870000   0.000000e+00
1642.380000   0.000000e+00
1641.900000   0.000000e+00
1641.420000   0.000000e+00
1640.940000   0.000000e+00
1640.450000   0.000000e+00
1639.970000   0.000000e+00
1639.490000   0.000000e+00
1639.010000   0.000000e+00
1638.530000   0.000000e+00
1638.040000   0.000000e+00
1637.560000   0.000000e+00
1637.080000   0.000000e+00
1636.600000   0.000000e+00
1636.110000   0.000000e+00
1635.630000   0.000000e+00
1635.150000   0.000000e+00
1634.670000   0.000000e+00
1634.190000   0.000000e+00
1633.700000   0.000000e+00
1633.220000   0.000000e+00
1632.740000   0.000000e+00
1632.260000   0.000000e+00
1631.770000   0.000000e+00
1631.290000   0.000000e+00
1630.810000   0.000000e+00
1630.330000   0.000000e+00
1629.850000   0.000000e+00
1629.360000   0.000000e+00
1628.880000   0.000000e+00
1628.400000   0.000000e+00
1627.920000   0.000000e+00
1627.430000   0.000000e+00
1626.950000   0.000000e+00
1626.470000   0.000000e+00
1625.990000   0.000000e+00
1625.510000   0.000000e+00
1625.020000   0.000000e+00
1624.540000   0.000000e+00
1624.060000   0.000000e+00
1623.580000   0.000000e+00
1623.090000   0.000000e+00
1622.610000   0.000000e+00
1622.130000   0.000000e+00
1621.650000   0.000000e+00
1621.170000   0.000000e+00
1620.680000   0.000000e+00
1620.200000   0.000000e+00
1619.720000   0.000000e+00
1619.240000   0.000000e+00
1618.760000   0.000000e+00
1618.270000   0.000000e+00
1617.790000   0.000000e+00
1617.310000   0.000000e+00
1616.830000   0.000000e+00
1616.340000   0.000000e+00
1615.860000   0.000000e+00
1615.380000   0.000000e+00
1614.900000   0.000000e+00
1614.420000   0.000000e+00
1613.930000   0.000000e+00
1613.450000   0.000000e+00
1612.970000   0.000000e+00
1612.490000   0.000000e+00
1612.000000   0.000000e+00
1611.520000   0.000000e+00
1611.040000   0.000000e+00
1610.560000   0.000000e+00
1610.080000   0.000000e+00
1609.590000   0.000000e+00
1609.110000   0.000000e+00
1608.630000   0.000000e+00
1608.150000   0.000000e+00
1607.660000   0.000000e+00
1607.180000   0.000000e+00
1606.700000   0.000000e+00
1606.220000   0.000000e+00
1605.740000   0.000000e+00
1605.250000   0.000000e+00
1604.770000   0.000000e+00
1604.290000   0.000000e+00
1603.810000   0.000000e+00
1603.320000   0.000000e+00
1602.840000   0.000000e+00
1602.360000   0.000000e+00
1601.880000   0.000000e+00
1601.400000   0.000000e+00
1600.910000   0.000000e+00
1600.430000   0.000000e+00
1599.950000   0.000000e+00
1599.470000   0.000000e+00
1598.980000   0.000000e+00
1598.500000   0.000000e+00
1598.020000   0.000000e+00
1597.540000   0.000000e+00
1597.060000   0.000000e+00
1596.570000   0.000000e+00
1596.090000   0.000000e+00
1595.610000   0.000000e+00
1595.130000   0.000000e+00
1594.640000   0.000000e+00
1594.160000   0.000000e+00
1593.680000   0.000000e+00
1593.200000   0.000000e+00
1592.720000   0.000000e+00
1592.230000   0.000000e+00
1591.750000   0.000000e+00
1591.270000   0.000000e+00
1590.790000   0.000000e+00
1590.310000   0.000000e+00
1589.820000   0.000000e+00
1589.340000   0.000000e+00
1588.860000   0.000000e+00
1588.380000   0.000000e+00
1587.890000   0.000000e+00
1587.410000   0.000000e+00
1586.930000   0.000000e+00
1586.450000   0.000000e+00
1585.970000   0.000000e+00
1585.480000   0.000000e+00
1585.000000   0.000000e+00
1584.520000   0.000000e+00
1584.040000   0.000000e+00
1583.550000   0.000000e+00
1583.070000   0.000000e+00
1582.590000   0.000000e+00
1582.110000   0.000000e+00
1581.630000   0.000000e+00
1581.140000   0.000000e+00
1580.660000   0.000000e+00
1580.180000   0.000000e+00
1579.700000   0.000000e+00
1579.210000   0.000000e+00
1578.730000   0.000000e+00
1578.250000   0.000000e+00
1577.770000   0.000000e+00
1577.290000   0.000000e+00
1576.800000   0.000000e+00
1576.320000   0.000000e+00
1575.840000   0.000000e+00
1575.360000   0.000000e+00
1574.870000   0.000000e+00
1574.390000   0.000000e+00
1573.910000   0.000000e+00
1573.430000   0.000000e+00
1572.950000   0.000000e+00
1572.460000   0.000000e+00
1571.980000   0.000000e+00
1571.500000   0.000000e+00
1571.020000   0.000000e+00
1570.530000   0.000000e+00
1570.050000   0.000000e+00
1569.570000   0.000000e+00
1569.090000   0.000000e+00
1568.610000   0.000000e+00
1568.120000   0.000000e+00
1567.640000   0.000000e+00
1567.160000   0.000000e+00
1566.680000   0.000000e+00
1566.190000   0.000000e+00
1565.710000   0.000000e+00
1565.230000   0.000000e+00
1564.750000   0.000000e+00
1564.270000   0.000000e+00
1563.780000   0.000000e+00
1563.300000   0.000000e+00
1562.820000   0.000000e+00
1562.340000   0.000000e+00
1561.860000   0.000000e+00
1561.370000   0.000000e+00
1560.890000   0.000000e+00
1560.410000   0.000000e+00
1559.930000   0.000000e+00
1559.440000   0.000000e+00
1558.960000   0.000000e+00
1558.480000   0.000000e+00
1558.000000   0.000000e+00
1557.520000   0.000000e+00
1557.030000   0.000000e+00
1556.550000   0.000000e+00
1556.070000   0.000000e+00
1555.590000   0.000000e+00
1555.100000   0.000000e+00
1554.620000   0.000000e+00
1554.140000   0.000000e+00
1553.660000   0.000000e+00
1553.180000   0.000000e+00
1552.690000   0.000000e+00
1552.210000   0.000000e+00
1551.730000   0.000000e+00
1551.250000   0.000000e+00
1550.760000   0.000000e+00
1550.280000   0.000000e+00
1549.800000   0.000000e+00
1549.320000   0.000000e+00
1548.840000   0.000000e+00
1548.350000   0.000000e+00
1547.870000   0.000000e+00
1547.390000   0.000000e+00
1546.910000   0.000000e+00
1546.420000   0.000000e+00
1545.940000   0.000000e+00
1545.460000   0.000000e+00
1544.980000   0.000000e+00
1544.500000   0.000000e+00
1544.010000   0.000000e+00
1543.530000   0.000000e+00
1543.050000   0.000000e+00
1542.570000   0.000000e+00
1542.080000   0.000000e+00
1541.600000   0.000000e+00
1541.120000   0.000000e+00
1540.640000   0.000000e+00
1540.160000   0.000000e+00
1539.670000   0.000000e+00
1539.190000   0.000000e+00
1538.710000   0.000000e+00
1538.230000   0.000000e+00
1537.740000   0.000000e+00
1537.260000   0.000000e+00
1536.780000   0.000000e+00
1536.300000   0.000000e+00
1535.820000   0.000000e+00
1535.330000   0.000000e+00
1534.850000   0.000000e+00
1534.370000   0.000000e+00
1533.890000   0.000000e+00
1533.410000   0.000000e+00
1532.920000   0.000000e+00
1532.440000   0.000000e+00
1531.960000   0.000000e+00
1531.480000   0.000000e+00
1530.990000   0.000000e+00
1530.510000   0.000000e+00
1530.030000   0.000000e+00
1529.550000   0.000000e+00
1529.070000   0.000000e+00
1528.580000   0.000000e+00
1528.100000   0.000000e+00
1527.620000   0.000000e+00
1527.140000   0.000000e+00
1526.650000   0.000000e+00
1526.170000   0.000000e+00
1525.690000   0.000000e+00
1525.210000   0.000000e+00
1524.730000   0.000000e+00
1524.240000   0.000000e+00
1523.760000   0.000000e+00
1523.280000   0.000000e+00
1522.800000   0.000000e+00
1522.310000   0.000000e+00
1521.830000   0.000000e+00
1521.350000   0.000000e+00
1520.870000   0.000000e+00
1520.390000   0.000000e+00
1519.900000   0.000000e+00
1519.420000   0.000000e+00
1518.940000   0.000000e+00
1518.460000   0.000000e+00
1517.970000   0.000000e+00
1517.490000   0.000000e+00
1517.010000   0.000000e+00
1516.530000   0.000000e+00
1516.050000   0.000000e+00
1515.560000   0.000000e+00
1515.080000   0.000000e+00
1514.600000   0.000000e+00
1514.120000   0.000000e+00
1513.630000   0.000000e+00
1513.150000   0.000000e+00
1512.670000   0.000000e+00
1512.190000   0.000000e+00
1511.710000   0.000000e+00
1511.220000   0.000000e+00
1510.740000   0.000000e+00
1510.260000   0.000000e+00
1509.780000   0.000000e+00
1509.290000   0.000000e+00
1508.810000   0.000000e+00
1508.330000   0.000000e+00
1507.850000   0.000000e+00
1507.370000   0.000000e+00
1506.880000   0.000000e+00
1506.400000   0.000000e+00
1505.920000   0.000000e+00
1505.440000   0.000000e+00
1504.960000   0.000000e+00
1504.470000   0.000000e+00
1503.990000   0.000000e+00
1503.510000   0.000000e+00
1503.030000   0.000000e+00
1502.540000   0.000000e+00
1502.060000   0.000000e+00
1501.580000   0.000000e+00
1501.100000   0.000000e+00
1500.620000   0.000000e+00
1500.130000   0.000000e+00
1499.650000   0.000000e+00
1499.170000   0.000000e+00
1498.690000   0.000000e+00
1498.200000   0.000000e+00
1497.720000   0.000000e+00
1497.240000   0.000000e+00
1496.760000   0.000000e+00
1496.280000   0.000000e+00
1495.790000   0.000000e+00
1495.310000   0.000000e+00
1494.830000   0.000000e+00
1494.350000   0.000000e+00
1493.860000   0.000000e+00
1493.380000   0.000000e+00
1492.900000   0.000000e+00
1492.420000   0.000000e+00
1491.940000   0.000000e+00
1491.450000   0.000000e+00
1490.970000   0.000000e+00
1490.490000   0.000000e+00
1490.010000   0.000000e+00
1489.520000   0.000000e+00
1489.040000   0.000000e+00
1488.560000   0.000000e+00
1488.080000   0.000000e+00
1487.600000   0.000000e+00
1487.110000   0.000000e+00
1486.630000   0.000000e+00
1486.150000   0.000000e+00
1485.670000   0.000000e+00
1485.180000   0.000000e+00
1484.700000   0.000000e+00
1484.220000   0.000000e+00
1483.740000   0.000000e+00
1483.260000   0.000000e+00
1482.770000   0.000000e+00
1482.290000   0.000000e+00
1481.810000   0.000000e+00
1481.330000   0.000000e+00
1480.840000   0.000000e+00
1480.360000   0.000000e+00
1479.880000   0.000000e+00
1479.400000   0.000000e+00
1478.920000   0.000000e+00
1478.430000   0.000000e+00
1477.950000   0.000000e+00
1477.470000   0.000000e+00
1476.990000   0.000000e+00
1476.510000   0.000000e+00
1476.020000   0.000000e+00
1475.540000   0.000000e+00
1475.060000   0.000000e+00
1474.580000   0.000000e+00
1474.090000   0.000000e+00
1473.610000   0.000000e+00
1473.130000   0.000000e+00
1472.650000   0.000000e+00
1472.170000   0.000000e+00
1471.680000   0.000000e+00
1471.200000   0.000000e+00
1470.720000   0.000000e+00
1470.240000   0.000000e+00
1469.750000   0.000000e+00
1469.270000   0.000000e+00
1468.790000   0.000000e+00
1468.310000   0.000000e+00
1467.830000   0.000000e+00
1467.340000   0.000000e+00
1466.860000   0.000000e+00
1466.380000   0.000000e+00
1465.900000   0.000000e+00
1465.410000   0.000000e+00
1464.930000   0.000000e+00
1464.450000   0.000000e+00
1463.970000   0.000000e+00
1463.490000   0.000000e+00
1463.000000   0.000000e+00
1462.520000   0.000000e+00
1462.040000   0.000000e+00
1461.560000   0.000000e+00
1461.070000   0.000000e+00
1460.590000   0.000000e+00
1460.110000   0.000000e+00
1459.630000   0.000000e+00
1459.150000   0.000000e+00
1458.660000   0.000000e+00
1458.180000   0.000000e+00
1457.700000   0.000000e+00
1457.220000   0.000000e+00
1456.730000   0.000000e+00
1456.250000   0.000000e+00
1455.770000   0.000000e+00
1455.290000   0.000000e+00
1454.810000   0.000000e+00
1454.320000   0.000000e+00
1453.840000   0.000000e+00
1453.360000   0.000000e+00
1452.880000   0.000000e+00
1452.400000   0.000000e+00
1451.910000   0.000000e+00
1451.430000   0.000000e+00
1450.950000   0.000000e+00
1450.470000   0.000000e+00
1449.980000   0.000000e+00
1449.500000   0.000000e+00
1449.020000   0.000000e+00
1448.540000   0.000000e+00
1448.060000   0.000000e+00
1447.570000   0.000000e+00
1447.090000   0.000000e+00
1446.610000   0.000000e+00
1446.130000   0.000000e+00
1445.640000   0.000000e+00
1445.160000   0.000000e+00
1444.680000   0.000000e+00
1444.200000   0.000000e+00
1443.720000   0.000000e+00
1443.230000   0.000000e+00
1442.750000   0.000000e+00
1442.270000   0.000000e+00
1441.790000   0.000000e+00
1441.300000   0.000000e+00
1440.820000   0.000000e+00
1440.340000   0.000000e+00
1439.860000   0.000000e+00
1439.380000   0.000000e+00
1438.890000   0.000000e+00
1438.410000   0.000000e+00
1437.930000   0.000000e+00
1437.450000   0.000000e+00
1436.960000   0.000000e+00
1436.480000   0.000000e+00
1436.000000   0.000000e+00
1435.520000   0.000000e+00
1435.040000   0.000000e+00
1434.550000   0.000000e+00
1434.070000   0.000000e+00
1433.590000   0.000000e+00
1433.110000   0.000000e+00
1432.620000   0.000000e+00
1432.140000   0.000000e+00
1431.660000   0.000000e+00
1431.180000   0.000000e+00
1430.700000   0.000000e+00
1430.210000   0.000000e+00
1429.730000   0.000000e+00
1429.250000   0.000000e+00
1428.770000   0.000000e+00
1428.280000   0.000000e+00
1427.800000   0.000000e+00
1427.320000   0.000000e+00
1426.840000   0.000000e+00
1426.360000   0.000000e+00
1425.870000   0.000000e+00
1425.390000   0.000000e+00
1424.910000   0.000000e+00
1424.430000   0.000000e+00
1423.950000   0.000000e+00
1423.460000   0.000000e+00
1422.980000   0.000000e+00
1422.500000   0.000000e+00
1422.020000   0.000000e+00
1421.530000   0.000000e+00
1421.050000   0.000000e+00
1420.570000   0.000000e+00
1420.090000   0.000000e+00
1419.610000   0.000000e+00
1419.120000   0.000000e+00
1418.640000   0.000000e+00
1418.160000   0.000000e+00
1417.680000   0.000000e+00
1417.190000   0.000000e+00
1416.710000   0.000000e+00
1416.230000   0.000000e+00
1415.750000   0.000000e+00
1415.270000   0.000000e+00
1414.780000   0.000000e+00
1414.300000   0.000000e+00
1413.820000   0.000000e+00
1413.340000   0.000000e+00
1412.850000   0.000000e+00
1412.370000   0.000000e+00
1411.890000   0.000000e+00
1411.410000   0.000000e+00
1410.930000   0.000000e+00
1410.440000   0.000000e+00
1409.960000   0.000000e+00
1409.480000   0.000000e+00
1409.000000   0.000000e+00
1408.510000   0.000000e+00
1408.030000   0.000000e+00
1407.550000   0.000000e+00
1407.070000   0.000000e+00
1406.590000   0.000000e+00
1406.100000   0.000000e+00
1405.620000   0.000000e+00
1405.140000   0.000000e+00
1404.660000   0.000000e+00
1404.170000   0.000000e+00
1403.690000   0.000000e+00
1403.210000   0.000000e+00
1402.730000   0.000000e+00
1402.250000   0.000000e+00
1401.760000   0.000000e+00
1401.280000   0.000000e+00
1400.800000   0.000000e+00
1400.320000   0.000000e+00
1399.830000   0.000000e+00
1399.350000   0.000000e+00
1398.870000   0.000000e+00
1398.390000   0.000000e+00
1397.910000   0.000000e+00
1397.420000   0.000000e+00
1396.940000   0.000000e+00
1396.460000   0.000000e+00
1395.980000   0.000000e+00
1395.500000   0.000000e+00
1395.010000   0.000000e+00
1394.530000   0.000000e+00
1394.050000   0.000000e+00
1393.570000   0.000000e+00
1393.080000   0.000000e+00
1392.600000   0.000000e+00
1392.120000   0.000000e+00
1391.640000   0.000000e+00
1391.160000   0.000000e+00
1390.670000   0.000000e+00
1390.190000   0.000000e+00
1389.710000   0.000000e+00
1389.230000   0.000000e+00
1388.740000   0.000000e+00
1388.260000   0.000000e+00
1387.780000   0.000000e+00
1387.300000   0.000000e+00
1386.820000   0.000000e+00
1386.330000   0.000000e+00
1385.850000   0.000000e+00
1385.370000   0.000000e+00
1384.890000   0.000000e+00
1384.400000   0.000000e+00
1383.920000   0.000000e+00
1383.440000   0.000000e+00
1382.960000   0.000000e+00
1382.480000   0.000000e+00
1381.990000   0.000000e+00
1381.510000   0.000000e+00
1381.030000   0.000000e+00
1380.550000   0.000000e+00
1380.060000   0.000000e+00
1379.580000   0.000000e+00
1379.100000   0.000000e+00
1378.620000   0.000000e+00
1378.140000   0.000000e+00
1377.650000   0.000000e+00
1377.170000   0.000000e+00
1376.690000   0.000000e+00
1376.210000   0.000000e+00
1375.720000   0.000000e+00
1375.240000   0.000000e+00
1374.760000   0.000000e+00
1374.280000   0.000000e+00
1373.800000   0.000000e+00
1373.310000   0.000000e+00
1372.830000   0.000000e+00
1372.350000   0.000000e+00
1371.870000   0.000000e+00
1371.380000   0.000000e+00
1370.900000   0.000000e+00
1370.420000   0.000000e+00
1369.940000   0.000000e+00
1369.460000   0.000000e+00
1368.970000   0.000000e+00
1368.490000   0.000000e+00
1368.010000   0.000000e+00
1367.530000   0.000000e+00
1367.050000   0.000000e+00
1366.560000   0.000000e+00
1366.080000   0.000000e+00
1365.600000   0.000000e+00
1365.120000   0.000000e+00
1364.630000   0.000000e+00
1364.150000   0.000000e+00
1363.670000   0.000000e+00
1363.190000   0.000000e+00
1362.710000   0.000000e+00
1362.220000   0.000000e+00
1361.740000   0.000000e+00
1361.260000   0.000000e+00
1360.780000   0.000000e+00
1360.290000   0.000000e+00
1359.810000   0.000000e+00
1359.330000   0.000000e+00
1358.850000   0.000000e+00
1358.370000   0.000000e+00
1357.880000   0.000000e+00
1357.400000   0.000000e+00
1356.920000   0.000000e+00
1356.440000   0.000000e+00
1355.950000   0.000000e+00
1355.470000   0.000000e+00
1354.990000   0.000000e+00
1354.510000   0.000000e+00
1354.030000   0.000000e+00
1353.540000   0.000000e+00
1353.060000   0.000000e+00
1352.580000   0.000000e+00
1352.100000   0.000000e+00
1351.610000   0.000000e+00
1351.130000   0.000000e+00
1350.650000   0.000000e+00
1350.170000   0.000000e+00
1349.690000   0.000000e+00
1349.200000   0.000000e+00
1348.720000   0.000000e+00
1348.240000   0.000000e+00
1347.760000   0.000000e+00
1347.270000   0.000000e+00
1346.790000   0.000000e+00
1346.310000   0.000000e+00
1345.830000   0.000000e+00
1345.350000   0.000000e+00
1344.860000   0.000000e+00
1344.380000   0.000000e+00
1343.900000   0.000000e+00
1343.420000   0.000000e+00
1342.930000   0.000000e+00
1342.450000   0.000000e+00
1341.970000   0.000000e+00
1341.490000   0.000000e+00
1341.010000   0.000000e+00
1340.520000   0.000000e+00
1340.040000   0.000000e+00
1339.560000   0.000000e+00
1339.080000   0.000000e+00
1338.600000   0.000000e+00
1338.110000   0.000000e+00
1337.630000   0.000000e+00
1337.150000   0.000000e+00
1336.670000   0.000000e+00
1336.180000   0.000000e+00
1335.700000   0.000000e+00
1335.220000   0.000000e+00
1334.740000   0.000000e+00
1334.260000   0.000000e+00
1333.770000   0.000000e+00
1333.290000   -2.541692e-04
1332.810000   -2.740342e-04
1332.330000   -2.702325e-04
1331.840000   -2.853765e-04
1331.360000   -3.790233e-04
1330.880000   -4.164839e-04
1330.400000   -3.672483e-04
1329.920000   -3.573469e-04
1329.430000   -4.156985e-04
1328.950000   -5.018469e-04
1328.470000   -4.752399e-04
1327.990000   -3.774575e-04
1327.500000   -3.645041e-04
1327.020000   -3.786728e-04
1326.540000   -4.383666e-04
1326.060000   -4.114757e-04
1325.580000   -3.855701e-04
1325.090000   -3.964112e-04
1324.610000   -3.384982e-04
1324.130000   -3.306611e-04
1323.650000   -3.651000e-04
1323.160000   -3.516117e-04
1322.680000   -3.005044e-04
1322.200000   -3.250236e-04
1321.720000   -3.545493e-04
1321.240000   -3.355819e-04
1320.750000   -2.835949e-04
1320.270000   -2.158828e-04
1319.790000   -1.150679e-04
1319.310000   -6.687038e-05
1318.820000   -4.233964e-05
1318.340000   1.193613e-04
1317.860000   2.592744e-04
1317.380000   3.632595e-04
1316.900000   5.336364e-04
1316.410000   7.845687e-04
1315.930000   1.026437e-03
1315.450000   1.326818e-03
1314.970000   1.762479e-03
1314.480000   2.282059e-03
1314.000000   2.908491e-03
1313.520000   3.632304e-03
1313.040000   4.421317e-03
1312.560000   5.349501e-03
1312.070000   6.476516e-03
1311.590000   7.750176e-03
1311.110000   9.251351e-03
1310.630000   1.082179e-02
1310.150000   1.243799e-02
1309.660000   1.410673e-02
1309.180000   1.566964e-02
1308.700000   1.715718e-02
1308.220000   1.857884e-02
1307.730000   1.993371e-02
1307.250000   2.118798e-02
1306.770000   2.235199e-02
1306.290000   2.339242e-02
1305.810000   2.424517e-02
1305.320000   2.496898e-02
1304.840000   2.555599e-02
1304.360000   2.593674e-02
1303.880000   2.613180e-02
1303.390000   2.622621e-02
1302.910000   2.608343e-02
1302.430000   2.578308e-02
1301.950000   2.536626e-02
1301.470000   2.472696e-02
1300.980000   2.403019e-02
1300.500000   2.317945e-02
1300.020000   2.218313e-02
1299.540000   2.103293e-02
1299.050000   1.968486e-02
1298.570000   1.822002e-02
1298.090000   1.661000e-02
1297.610000   1.483931e-02
1297.130000   1.300246e-02
1296.640000   1.116762e-02
1296.160000   9.303726e-03
1295.680000   7.534275e-03
1295.200000   5.919219e-03
1294.710000   4.501878e-03
1294.230000   3.251644e-03
1293.750000   2.238304e-03
1293.270000   1.491117e-03
1292.790000   9.398244e-04
1292.300000   6.399728e-04
1291.820000   3.918651e-04
1291.340000   1.625105e-04
1290.860000   6.138779e-06
1290.370000   -9.557887e-05
1289.890000   -1.508668e-04
1289.410000   -2.434224e-04
1288.930000   -2.858058e-04
1288.450000   -3.155871e-04
1287.960000   -3.732334e-04
1287.480000   -4.052128e-04
1287.000000   -4.285007e-04
1286.520000   -4.056773e-04
1286.040000   -3.899727e-04
1285.550000   -4.019823e-04
1285.070000   -3.537076e-04
1284.590000   -4.044823e-04
1284.110000   -4.168266e-04
1283.620000   -2.810724e-04
1283.140000   -2.743380e-04
1282.660000   -3.410938e-04
1282.180000   -3.542499e-04
1281.700000   0.000000e+00
1281.210000   0.000000e+00
1280.730000   0.000000e+00
1280.250000   0.000000e+00
1279.770000   0.000000e+00
1279.280000   0.000000e+00
1278.800000   0.000000e+00
1278.320000   0.000000e+00
1277.840000   0.000000e+00
1277.360000   0.000000e+00
1276.870000   0.000000e+00
1276.390000   0.000000e+00
1275.910000   0.000000e+00
1275.430000   0.000000e+00
1274.940000   0.000000e+00
1274.460000   0.000000e+00
1273.980000   0.000000e+00
1273.500000   0.000000e+00
1273.020000   0.000000e+00
1272.530000   0.000000e+00
1272.050000   0.000000e+00
1271.570000   0.000000e+00
1271.090000   0.000000e+00
1270.600000   0.000000e+00
1270.120000   0.000000e+00
1269.640000   0.000000e+00
1269.160000   0.000000e+00
1268.680000   0.000000e+00
1268.190000   0.000000e+00
1267.710000   0.000000e+00
1267.230000   0.000000e+00
1266.750000   0.000000e+00
1266.260000   0.000000e+00
1265.780000   0.000000e+00
1265.300000   0.000000e+00
1264.820000   0.000000e+00
1264.340000   0.000000e+00
1263.850000   0.000000e+00
1263.370000   0.000000e+00
1262.890000   0.000000e+00
1262.410000   0.000000e+00
1261.920000   0.000000e+00
1261.440000   0.000000e+00
1260.960000   0.000000e+00
1260.480000   0.000000e+00
1260.000000   0.000000e+00
1259.510000   0.000000e+00
1259.030000   0.000000e+00
1258.550000   0.000000e+00
1258.070000   0.000000e+00
1257.590000   0.000000e+00
1257.100000   0.000000e+00
1256.620000   0.000000e+00
1256.140000   0.000000e+00
1255.660000   0.000000e+00
1255.170000   0.000000e+00
1254.690000   0.000000e+00
1254.210000   0.000000e+00
1253.730000   0.000000e+00
1253.250000   0.000000e+00
1252.760000   0.000000e+00
1252.280000   0.000000e+00
1251.800000   0.000000e+00
1251.320000   0.000000e+00
1250.830000   0.000000e+00
1250.350000   0.000000e+00
1249.870000   0.000000e+00
1249.390000   0.000000e+00
1248.910000   0.000000e+00
1248.420000   0.000000e+00
1247.940000   0.000000e+00
1247.460000   0.000000e+00
1246.980000   0.000000e+00
1246.490000   0.000000e+00
1246.010000   0.000000e+00
1245.530000   0.000000e+00
1245.050000   0.000000e+00
1244.570000   0.000000e+00
1244.080000   0.000000e+00
1243.600000   0.000000e+00
1243.120000   0.000000e+00
1242.640000   0.000000e+00
1242.150000   0.000000e+00
1241.670000   0.000000e+00
1241.190000   0.000000e+00
1240.710000   0.000000e+00
1240.230000   0.000000e+00
1239.740000   0.000000e+00
1239.260000   0.000000e+00
1238.780000   0.000000e+00
1238.300000   0.000000e+00
1237.810000   0.000000e+00
1237.330000   0.000000e+00
1236.850000   0.000000e+00
1236.370000   0.000000e+00
1235.890000   0.000000e+00
1235.400000   0.000000e+00
1234.920000   0.000000e+00
1234.440000   0.000000e+00
1233.960000   0.000000e+00
1233.470000   0.000000e+00
1232.990000   0.000000e+00
1232.510000   0.000000e+00
1232.030000   0.000000e+00
1231.550000   0.000000e+00
1231.060000   0.000000e+00
1230.580000   0.000000e+00
1230.100000   0.000000e+00
1229.620000   0.000000e+00
1229.140000   0.000000e+00
1228.650000   0.000000e+00
1228.170000   0.000000e+00
1227.690000   0.000000e+00
1227.210000   0.000000e+00
1226.720000   0.000000e+00
1226.240000   0.000000e+00
1225.760000   0.000000e+00
1225.280000   0.000000e+00
1224.800000   0.000000e+00
1224.310000   0.000000e+00
1223.830000   0.000000e+00
1223.350000   0.000000e+00
1222.870000   0.000000e+00
1222.380000   0.000000e+00
1221.900000   0.000000e+00
1221.420000   0.000000e+00
1220.940000   0.000000e+00
1220.460000   0.000000e+00
1219.970000   0.000000e+00
1219.490000   0.000000e+00
1219.010000   0.000000e+00
1218.530000   0.000000e+00
1218.040000   0.000000e+00
1217.560000   0.000000e+00
1217.080000   0.000000e+00
1216.600000   0.000000e+00
1216.120000   0.000000e+00
1215.630000   0.000000e+00
1215.150000   0.000000e+00
1214.670000   0.000000e+00
1214.190000   0.000000e+00
1213.700000   0.000000e+00
1213.220000   0.000000e+00
1212.740000   0.000000e+00
1212.260000   0.000000e+00
1211.780000   0.000000e+00
1211.290000   0.000000e+00
1210.810000   0.000000e+00
1210.330000   0.000000e+00
1209.850000   0.000000e+00
1209.360000   0.000000e+00
1208.880000   0.000000e+00
1208.400000   0.000000e+00
1207.920000   0.000000e+00
1207.440000   0.000000e+00
1206.950000   0.000000e+00
1206.470000   0.000000e+00
1205.990000   0.000000e+00
1205.510000   0.000000e+00
1205.020000   0.000000e+00
1204.540000   0.000000e+00
1204.060000   0.000000e+00
1203.580000   0.000000e+00
1203.100000   0.000000e+00
1202.610000   0.000000e+00
1202.130000   0.000000e+00
1201.650000   0.000000e+00
1201.170000   0.000000e+00
1200.690000   0.000000e+00
1200.200000   0.000000e+00
1199.720000   0.000000e+00
1199.240000   0.000000e+00
1198.760000   0.000000e+00
1198.270000   0.000000e+00
1197.790000   0.000000e+00
1197.310000   0.000000e+00
1196.830000   0.000000e+00
1196.350000   0.000000e+00
1195.860000   0.000000e+00
1195.380000   0.000000e+00
1194.900000   0.000000e+00
1194.420000   0.000000e+00
1193.930000   0.000000e+00
1193.450000   0.000000e+00
1192.970000   0.000000e+00
1192.490000   0.000000e+00
1192.010000   0.000000e+00
1191.520000   0.000000e+00
1191.040000   0.000000e+00
1190.560000   0.000000e+00
1190.080000   0.000000e+00
1189.590000   0.000000e+00
1189.110000   0.000000e+00
1188.630000   0.000000e+00
1188.150000   0.000000e+00
1187.670000   0.000000e+00
1187.180000   0.000000e+00
1186.700000   0.000000e+00
1186.220000   0.000000e+00
1185.740000   0.000000e+00
1185.250000   0.000000e+00
1184.770000   0.000000e+00
1184.290000   0.000000e+00
1183.810000   0.000000e+00
1183.330000   0.000000e+00
1182.840000   0.000000e+00
1182.360000   0.000000e+00
1181.880000   0.000000e+00
1181.400000   0.000000e+00
1180.910000   0.000000e+00
1180.430000   0.000000e+00
1179.950000   0.000000e+00
1179.470000   0.000000e+00
1178.990000   0.000000e+00
1178.500000   0.000000e+00
1178.020000   0.000000e+00
1177.540000   0.000000e+00
1177.060000   0.000000e+00
1176.570000   0.000000e+00
1176.090000   0.000000e+00
1175.610000   0.000000e+00
1175.130000   0.000000e+00
1174.650000   0.000000e+00
1174.160000   0.000000e+00
1173.680000   0.000000e+00
1173.200000   0.000000e+00
1172.720000   0.000000e+00
1172.240000   0.000000e+00
1171.750000   0.000000e+00
1171.270000   0.000000e+00
1170.790000   0.000000e+00
1170.310000   0.000000e+00
1169.820000   0.000000e+00
1169.340000   0.000000e+00
1168.860000   0.000000e+00
1168.380000   0.000000e+00
1167.900000   0.000000e+00
1167.410000   0.000000e+00
1166.930000   0.000000e+00
1166.450000   0.000000e+00
1165.970000   0.000000e+00
1165.480000   0.000000e+00
1165.000000   0.000000e+00
1164.520000   0.000000e+00
1164.040000   0.000000e+00
1163.560000   0.000000e+00
1163.070000   0.000000e+00
1162.590000   0.000000e+00
1162.110000   0.000000e+00
1161.630000   0.000000e+00
1161.140000   0.000000e+00
1160.660000   0.000000e+00
1160.180000   0.000000e+00
1159.700000   0.000000e+00
1159.220000   0.000000e+00
1158.730000   0.000000e+00
1158.250000   0.000000e+00
1157.770000   0.000000e+00
1157.290000   0.000000e+00
1156.800000   0.000000e+00
1156.320000   0.000000e+00
1155.840000   0.000000e+00
1155.360000   0.000000e+00
1154.880000   0.000000e+00
1154.390000   0.000000e+00
1153.910000   0.000000e+00
1153.430000   0.000000e+00
1152.950000   0.000000e+00
1152.460000   0.000000e+00
1151.980000   0.000000e+00
1151.500000   0.000000e+00
1151.020000   0.000000e+00
1150.540000   0.000000e+00
1150.050000   0.000000e+00
1149.570000   0.000000e+00
1149.090000   0.000000e+00
1148.610000   0.000000e+00
1148.120000   0.000000e+00
1147.640000   0.000000e+00
1147.160000   0.000000e+00
1146.680000   0.000000e+00
1146.200000   0.000000e+00
1145.710000   0.000000e+00
1145.230000   0.000000e+00
1144.750000   0.000000e+00
1144.270000   0.000000e+00
1143.790000   0.000000e+00
1143.300000   0.000000e+00
1142.820000   0.000000e+00
1142.340000   0.000000e+00
1141.860000   0.000000e+00
1141.370000   0.000000e+00
1140.890000   0.000000e+00
1140.410000   0.000000e+00
1139.930000   0.000000e+00
1139.450000   0.000000e+00
1138.960000   0.000000e+00
1138.480000   0.000000e+00
1138.000000   0.000000e+00
1137.520000   0.000000e+00
1137.030000   0.000000e+00
1136.550000   0.000000e+00
1136.070000   0.000000e+00
1135.590000   0.000000e+00
1135.110000   0.000000e+00
1134.620000   0.000000e+00
1134.140000   0.000000e+00
1133.660000   0.000000e+00
1133.180000   0.000000e+00
1132.690000   0.000000e+00
1132.210000   0.000000e+00
1131.730000   0.000000e+00
1131.250000   0.000000e+00
1130.770000   0.000000e+00
1130.280000   0.000000e+00
1129.800000   0.000000e+00
1129.320000   0.000000e+00
1128.840000   0.000000e+00
1128.350000   0.000000e+00
1127.870000   0.000000e+00
1127.390000   0.000000e+00
1126.910000   0.000000e+00
1126.430000   0.000000e+00
1125.940000   0.000000e+00
1125.460000   0.000000e+00
1124.980000   0.000000e+00
1124.500000   0.000000e+00
1124.010000   0.000000e+00
1123.530000   0.000000e+00
1123.050000   0.000000e+00
1122.570000   0.000000e+00
1122.090000   0.000000e+00
1121.600000   0.000000e+00
1121.120000   0.000000e+00
1120.640000   0.000000e+00
1120.160000   0.000000e+00
1119.680000   0.000000e+00
1119.190000   0.000000e+00
1118.710000   0.000000e+00
1118.230000   0.000000e+00
1117.750000   0.000000e+00
1117.260000   0.000000e+00
1116.780000   0.000000e+00
1116.300000   0.000000e+00
1115.820000   0.000000e+00
1115.340000   0.000000e+00
1114.850000   0.000000e+00
1114.370000   0.000000e+00
1113.890000   0.000000e+00
1113.410000   0.000000e+00
1112.920000   0.000000e+00
1112.440000   0.000000e+00
1111.960000   0.000000e+00
1111.480000   0.000000e+00
1111.000000   0.000000e+00
1110.510000   0.000000e+00
1110.030000   0.000000e+00
1109.550000   0.000000e+00
1109.070000   0.000000e+00
1108.580000   0.000000e+00
1108.100000   0.000000e+00
1107.620000   0.000000e+00
1107.140000   0.000000e+00
1106.660000   0.000000e+00
1106.170000   0.000000e+00
1105.690000   0.000000e+00
1105.210000   0.000000e+00
1104.730000   0.000000e+00
1104.240000   0.000000e+00
1103.760000   0.000000e+00
1103.280000   0.000000e+00
1102.800000   0.000000e+00
1102.320000   0.000000e+00
1101.830000   0.000000e+00
1101.350000   0.000000e+00
1100.870000   0.000000e+00
1100.390000   0.000000e+00
1099.900000   0.000000e+00
1099.420000   0.000000e+00
1098.940000   0.000000e+00
1098.460000   0.000000e+00
1097.980000   0.000000e+00
1097.490000   0.000000e+00
1097.010000   0.000000e+00
1096.530000   0.000000e+00
1096.050000   0.000000e+00
1095.560000   0.000000e+00
1095.080000   0.000000e+00
1094.600000   0.000000e+00
1094.120000   0.000000e+00
1093.640000   0.000000e+00
1093.150000   0.000000e+00
1092.670000   0.000000e+00
1092.190000   0.000000e+00
1091.710000   0.000000e+00
1091.230000   0.000000e+00
1090.740000   0.000000e+00
1090.260000   0.000000e+00
1089.780000   0.000000e+00
1089.300000   0.000000e+00
1088.810000   0.000000e+00
1088.330000   0.000000e+00
1087.850000   0.000000e+00
1087.370000   0.000000e+00
1086.890000   0.000000e+00
1086.400000   0.000000e+00
1085.920000   0.000000e+00
1085.440000   0.000000e+00
1084.960000   0.000000e+00
1084.470000   0.000000e+00
1083.990000   0.000000e+00
1083.510000   0.000000e+00
1083.030000   0.000000e+00
1082.550000   0.000000e+00
1082.060000   0.000000e+00
1081.580000   0.000000e+00
1081.100000   0.000000e+00
1080.620000   0.000000e+00
1080.130000   0.000000e+00
1079.650000   0.000000e+00
1079.170000   0.000000e+00
1078.690000   0.000000e+00
1078.210000   0.000000e+00
1077.720000   0.000000e+00
1077.240000   0.000000e+00
1076.760000   0.000000e+00
1076.280000   0.000000e+00
1075.790000   0.000000e+00
1075.310000   0.000000e+00
1074.830000   0.000000e+00
1074.350000   0.000000e+00
1073.870000   0.000000e+00
1073.380000   0.000000e+00
1072.900000   0.000000e+00
1072.420000   0.000000e+00
1071.940000   0.000000e+00
1071.450000   0.000000e+00
1070.970000   0.000000e+00
1070.490000   0.000000e+00
1070.010000   0.000000e+00
1069.530000   0.000000e+00
1069.040000   0.000000e+00
1068.560000   0.000000e+00
1068.080000   0.000000e+00
1067.600000   0.000000e+00
1067.110000   0.000000e+00
1066.630000   0.000000e+00
1066.150000   0.000000e+00
1065.670000   0.000000e+00
1065.190000   0.000000e+00
1064.700000   0.000000e+00
1064.220000   0.000000e+00
1063.740000   0.000000e+00
1063.260000   0.000000e+00
1062.780000   0.000000e+00
1062.290000   0.000000e+00
1061.810000   0.000000e+00
1061.330000   0.000000e+00
1060.850000   0.000000e+00
1060.360000   0.000000e+00
1059.880000   0.000000e+00
1059.400000   0.000000e+00
1058.920000   0.000000e+00
1058.440000   0.000000e+00
1057.950000   0.000000e+00
1057.470000   0.000000e+00
1056.990000   0.000000e+00
1056.510000   0.000000e+00
1056.020000   0.000000e+00
1055.540000   0.000000e+00
1055.060000   0.000000e+00
1054.580000   0.000000e+00
1054.100000   0.000000e+00
1053.610000   0.000000e+00
1053.130000   0.000000e+00
1052.650000   0.000000e+00
1052.170000   0.000000e+00
1051.680000   0.000000e+00
1051.200000   0.000000e+00
1050.720000   0.000000e+00
1050.240000   0.000000e+00
1049.760000   0.000000e+00
1049.270000   0.000000e+00
1048.790000   0.000000e+00
1048.310000   0.000000e+00
1047.830000   0.000000e+00
1047.340000   0.000000e+00
1046.860000   0.000000e+00
1046.380000   0.000000e+00
1045.900000   0.000000e+00
1045.420000   0.000000e+00
1044.930000   0.000000e+00
1044.450000   0.000000e+00
1043.970000   0.000000e+00
1043.490000   0.000000e+00
1043.000000   0.000000e+00
1042.520000   0.000000e+00
1042.040000   0.000000e+00
1041.560000   0.000000e+00
1041.080000   0.000000e+00
1040.590000   0.000000e+00
1040.110000   0.000000e+00
1039.630000   0.000000e+00
1039.150000   0.000000e+00
1038.660000   0.000000e+00
1038.180000   0.000000e+00
1037.700000   0.000000e+00
1037.220000   0.000000e+00
1036.740000   0.000000e+00
1036.250000   0.000000e+00
1035.770000   0.000000e+00
1035.290000   0.000000e+00
1034.810000   0.000000e+00
1034.330000   0.000000e+00
1033.840000   0.000000e+00
1033.360000   0.000000e+00
1032.880000   0.000000e+00
1032.400000   0.000000e+00
1031.910000   0.000000e+00
1031.430000   0.000000e+00
1030.950000   0.000000e+00
1030.470000   0.000000e+00
1029.990000   0.000000e+00
1029.500000   0.000000e+00
1029.020000   0.000000e+00
1028.540000   0.000000e+00
1028.060000   0.000000e+00
1027.570000   0.000000e+00
1027.090000   0.000000e+00
1026.610000   0.000000e+00
1026.130000   0.000000e+00
1025.650000   0.000000e+00
1025.160000   0.000000e+00
1024.680000   0.000000e+00
1024.200000   0.000000e+00
1023.720000   0.000000e+00
1023.230000   0.000000e+00
1022.750000   0.000000e+00
1022.270000   0.000000e+00
1021.790000   0.000000e+00
1021.310000   0.000000e+00
1020.820000   0.000000e+00
1020.340000   0.000000e+00
1019.860000   0.000000e+00
1019.380000   0.000000e+00
1018.890000   0.000000e+00
1018.410000   0.000000e+00
1017.930000   0.000000e+00
1017.450000   0.000000e+00
1016.970000   0.000000e+00
1016.480000   0.000000e+00
1016.000000   0.000000e+00
1015.520000   0.000000e+00
1015.040000   0.000000e+00
1014.550000   0.000000e+00
1014.070000   0.000000e+00
1013.590000   0.000000e+00
1013.110000   0.000000e+00
1012.630000   0.000000e+00
1012.140000   0.000000e+00
1011.660000   0.000000e+00
1011.180000   0.000000e+00
1010.700000   0.000000e+00
1010.210000   0.000000e+00
1009.730000   0.000000e+00
1009.250000   0.000000e+00
1008.770000   0.000000e+00
1008.290000   0.000000e+00
1007.800000   0.000000e+00
1007.320000   0.000000e+00
1006.840000   0.000000e+00
1006.360000   0.000000e+00
1005.880000   0.000000e+00
1005.390000   0.000000e+00
1004.910000   0.000000e+00
1004.430000   0.000000e+00
1003.950000   0.000000e+00
1003.460000   0.000000e+00
1002.980000   0.000000e+00
1002.500000   0.000000e+00
1002.020000   0.000000e+00
1001.540000   0.000000e+00
1001.050000   0.000000e+00
1000.570000   0.000000e+00
1000.090000   0.000000e+00
999.607000    0.000000e+00
999.124000    0.000000e+00
998.642000    0.000000e+00
998.160000    0.000000e+00
997.678000    0.000000e+00
997.195000    0.000000e+00
996.713000    0.000000e+00
996.231000    0.000000e+00
995.749000    0.000000e+00
995.267000    0.000000e+00
994.784000    0.000000e+00
994.302000    0.000000e+00
993.820000    0.000000e+00
993.338000    0.000000e+00
992.856000    0.000000e+00
992.373000    0.000000e+00
991.891000    0.000000e+00
991.409000    0.000000e+00
990.927000    0.000000e+00
990.445000    0.000000e+00
989.962000    0.000000e+00
989.480000    0.000000e+00
988.998000    0.000000e+00
988.516000    0.000000e+00
988.034000    0.000000e+00
987.551000    0.000000e+00
987.069000    0.000000e+00
986.587000    0.000000e+00
986.105000    0.000000e+00
985.623000    0.000000e+00
985.140000    0.000000e+00
984.658000    0.000000e+00
984.176000    0.000000e+00
983.694000    0.000000e+00
983.212000    0.000000e+00
982.729000    0.000000e+00
982.247000    0.000000e+00
981.765000    0.000000e+00
981.283000    0.000000e+00
980.801000    0.000000e+00
980.318000    0.000000e+00
979.836000    0.000000e+00
979.354000    0.000000e+00
978.872000    0.000000e+00
978.390000    0.000000e+00
977.907000    0.000000e+00
977.425000    0.000000e+00
976.943000    0.000000e+00
976.461000    0.000000e+00
975.979000    0.000000e+00
975.496000    0.000000e+00
975.014000    0.000000e+00
974.532000    0.000000e+00
974.050000    0.000000e+00
973.568000    0.000000e+00
973.085000    0.000000e+00
972.603000    0.000000e+00
972.121000    0.000000e+00
971.639000    0.000000e+00
971.157000    0.000000e+00
970.674000    0.000000e+00
970.192000    0.000000e+00
969.710000    0.000000e+00
969.228000    0.000000e+00
968.746000    0.000000e+00
968.263000    0.000000e+00
967.781000    0.000000e+00
967.299000    0.000000e+00
966.817000    0.000000e+00
966.335000    0.000000e+00
965.852000    0.000000e+00
965.370000    0.000000e+00
964.888000    0.000000e+00
964.406000    0.000000e+00
963.924000    0.000000e+00
963.441000    0.000000e+00
962.959000    0.000000e+00
962.477000    0.000000e+00
961.995000    0.000000e+00
961.513000    0.000000e+00
961.030000    0.000000e+00
960.548000    0.000000e+00
960.066000    0.000000e+00
959.584000    0.000000e+00
959.102000    0.000000e+00
958.619000    0.000000e+00
958.137000    0.000000e+00
957.655000    0.000000e+00
957.173000    0.000000e+00
956.690000    0.000000e+00
956.208000    0.000000e+00
955.726000    0.000000e+00
955.244000    0.000000e+00
954.762000    0.000000e+00
954.279000    0.000000e+00
953.797000    0.000000e+00
953.315000    0.000000e+00
952.833000    0.000000e+00
952.351000    0.000000e+00
951.868000    0.000000e+00
951.386000    0.000000e+00
950.904000    0.000000e+00
950.422000    0.000000e+00
949.940000    0.000000e+00
949.457000    0.000000e+00
948.975000    0.000000e+00
948.493000    0.000000e+00
948.011000    0.000000e+00
947.529000    0.000000e+00
947.046000    0.000000e+00
946.564000    0.000000e+00
946.082000    0.000000e+00
945.600000    0.000000e+00
945.118000    0.000000e+00
944.635000    0.000000e+00
944.153000    0.000000e+00
943.671000    0.000000e+00
943.189000    0.000000e+00
942.707000    0.000000e+00
942.224000    0.000000e+00
941.742000    0.000000e+00
941.260000    0.000000e+00
940.778000    0.000000e+00
940.296000    0.000000e+00
939.813000    0.000000e+00
939.331000    0.000000e+00
938.849000    0.000000e+00
938.367000    0.000000e+00
937.885000    0.000000e+00
937.402000    0.000000e+00
936.920000    0.000000e+00
936.438000    0.000000e+00
935.956000    0.000000e+00
935.474000    0.000000e+00
934.991000    0.000000e+00
934.509000    0.000000e+00
934.027000    0.000000e+00
933.545000    0.000000e+00
933.062000    0.000000e+00
932.580000    0.000000e+00
932.098000    0.000000e+00
931.616000    0.000000e+00
931.134000    0.000000e+00
930.651000    0.000000e+00
930.169000    0.000000e+00
929.687000    0.000000e+00
929.205000    0.000000e+00
928.723000    0.000000e+00
928.240000    0.000000e+00
927.758000    0.000000e+00
927.276000    0.000000e+00
926.794000    0.000000e+00
926.312000    0.000000e+00
925.829000    0.000000e+00
925.347000    0.000000e+00
924.865000    0.000000e+00
924.383000    0.000000e+00
923.901000    0.000000e+00
923.418000    0.000000e+00
922.936000    0.000000e+00
922.454000    0.000000e+00
921.972000    0.000000e+00
921.490000    0.000000e+00
921.007000    0.000000e+00
920.525000    0.000000e+00
920.043000    0.000000e+00
919.561000    0.000000e+00
919.079000    0.000000e+00
918.596000    0.000000e+00
918.114000    0.000000e+00
917.632000    0.000000e+00
917.150000    0.000000e+00
916.668000    0.000000e+00
916.185000    0.000000e+00
915.703000    0.000000e+00
915.221000    0.000000e+00
914.739000    0.000000e+00
914.257000    0.000000e+00
913.774000    0.000000e+00
913.292000    0.000000e+00
912.810000    0.000000e+00
912.328000    0.000000e+00
911.846000    0.000000e+00
911.363000    0.000000e+00
910.881000    0.000000e+00
910.399000    0.000000e+00
909.917000    0.000000e+00
909.435000    0.000000e+00
908.952000    0.000000e+00
908.470000    0.000000e+00
907.988000    0.000000e+00
907.506000    0.000000e+00
907.024000    0.000000e+00
906.541000    0.000000e+00
906.059000    0.000000e+00
905.577000    0.000000e+00
905.095000    0.000000e+00
904.613000    0.000000e+00
904.130000    0.000000e+00
903.648000    0.000000e+00
903.166000    0.000000e+00
902.684000    0.000000e+00
902.202000    0.000000e+00
901.719000    0.000000e+00
901.237000    0.000000e+00
900.755000    0.000000e+00
900.273000    0.000000e+00
899.791000    0.000000e+00
899.308000    0.000000e+00
898.826000    0.000000e+00
898.344000    0.000000e+00
897.862000    0.000000e+00
897.380000    0.000000e+00
896.897000    0.000000e+00
896.415000    0.000000e+00
895.933000    0.000000e+00
895.451000    0.000000e+00
894.969000    0.000000e+00
894.486000    0.000000e+00
894.004000    0.000000e+00
893.522000    0.000000e+00
893.040000    0.000000e+00
892.557000    0.000000e+00
892.075000    0.000000e+00
891.593000    0.000000e+00
891.111000    0.000000e+00
890.629000    0.000000e+00
890.146000    0.000000e+00
889.664000    0.000000e+00
889.182000    0.000000e+00
888.700000    0.000000e+00
888.218000    0.000000e+00
887.735000    0.000000e+00
887.253000    0.000000e+00
886.771000    0.000000e+00
886.289000    0.000000e+00
885.807000    0.000000e+00
885.324000    0.000000e+00
884.842000    0.000000e+00
884.360000    0.000000e+00
883.878000    0.000000e+00
883.396000    0.000000e+00
882.913000    0.000000e+00
882.431000    0.000000e+00
881.949000    0.000000e+00
881.467000    0.000000e+00
880.985000    0.000000e+00
880.502000    0.000000e+00
880.020000    0.000000e+00
879.538000    0.000000e+00
879.056000    0.000000e+00
878.574000    0.000000e+00
878.091000    0.000000e+00
877.609000    0.000000e+00
877.127000    0.000000e+00
876.645000    0.000000e+00
876.163000    0.000000e+00
875.680000    0.000000e+00
875.198000    0.000000e+00
874.716000    0.000000e+00
874.234000    0.000000e+00
873.752000    0.000000e+00
873.269000    0.000000e+00
872.787000    0.000000e+00
872.305000    0.000000e+00
871.823000    0.000000e+00
871.341000    0.000000e+00
870.858000    0.000000e+00
870.376000    0.000000e+00
869.894000    0.000000e+00
869.412000    0.000000e+00
868.930000    0.000000e+00
868.447000    0.000000e+00
867.965000    0.000000e+00
867.483000    0.000000e+00
867.001000    0.000000e+00
866.519000    0.000000e+00
866.036000    0.000000e+00
865.554000    0.000000e+00
865.072000    0.000000e+00
864.590000    0.000000e+00
864.108000    0.000000e+00
863.625000    0.000000e+00
863.143000    0.000000e+00
862.661000    0.000000e+00
862.179000    0.000000e+00
861.697000    0.000000e+00
861.214000    0.000000e+00
860.732000    0.000000e+00
860.250000    0.000000e+00
859.768000    0.000000e+00
859.286000    0.000000e+00
858.803000    0.000000e+00
858.321000    0.000000e+00
857.839000    0.000000e+00
857.357000    0.000000e+00
856.874000    0.000000e+00
856.392000    0.000000e+00
855.910000    0.000000e+00
855.428000    0.000000e+00
854.946000    0.000000e+00
854.463000    0.000000e+00
853.981000    0.000000e+00
853.499000    0.000000e+00
853.017000    0.000000e+00
852.535000    0.000000e+00
852.052000    0.000000e+00
851.570000    0.000000e+00
851.088000    0.000000e+00
850.606000    0.000000e+00
850.124000    0.000000e+00
849.641000    0.000000e+00
849.159000    0.000000e+00
848.677000    0.000000e+00
848.195000    0.000000e+00
847.713000    0.000000e+00
847.230000    0.000000e+00
846.748000    0.000000e+00
846.266000    0.000000e+00
845.784000    0.000000e+00
845.302000    0.000000e+00
844.819000    0.000000e+00
844.337000    0.000000e+00
843.855000    0.000000e+00
843.373000    0.000000e+00
842.891000    0.000000e+00
842.408000    0.000000e+00
841.926000    0.000000e+00
841.444000    0.000000e+00
840.962000    0.000000e+00
840.480000    0.000000e+00
839.997000    0.000000e+00
839.515000    0.000000e+00
839.033000    0.000000e+00
838.551000    0.000000e+00
838.069000    0.000000e+00
837.586000    0.000000e+00
837.104000    0.000000e+00
836.622000    0.000000e+00
836.140000    0.000000e+00
835.658000    0.000000e+00
835.175000    0.000000e+00
834.693000    0.000000e+00
834.211000    0.000000e+00
833.729000    0.000000e+00
833.247000    0.000000e+00
832.764000    0.000000e+00
832.282000    0.000000e+00
831.800000    0.000000e+00
831.318000    0.000000e+00
830.836000    0.000000e+00
830.353000    0.000000e+00
829.871000    0.000000e+00
829.389000    0.000000e+00
828.907000    0.000000e+00
828.424000    0.000000e+00
827.942000    0.000000e+00
827.460000    0.000000e+00
826.978000    0.000000e+00
826.496000    0.000000e+00
826.013000    0.000000e+00
825.531000    0.000000e+00
825.049000    0.000000e+00
824.567000    0.000000e+00
824.085000    0.000000e+00
823.602000    0.000000e+00
823.120000    0.000000e+00
822.638000    0.000000e+00
822.156000    0.000000e+00
821.674000    0.000000e+00
821.191000    0.000000e+00
820.709000    0.000000e+00
820.227000    0.000000e+00
819.745000    0.000000e+00
819.263000    0.000000e+00
818.780000    0.000000e+00
818.298000    0.000000e+00
817.816000    0.000000e+00
817.334000    0.000000e+00
816.852000    0.000000e+00
816.369000    0.000000e+00
815.887000    0.000000e+00
815.405000    0.000000e+00
814.923000    0.000000e+00
814.441000    0.000000e+00
813.958000    0.000000e+00
813.476000    0.000000e+00
812.994000    0.000000e+00
812.512000    0.000000e+00
812.030000    0.000000e+00
811.547000    0.000000e+00
811.065000    0.000000e+00
810.583000    0.000000e+00
810.101000    0.000000e+00
809.619000    0.000000e+00
809.136000    0.000000e+00
808.654000    0.000000e+00
808.172000    0.000000e+00
807.690000    0.000000e+00
807.208000    0.000000e+00
806.725000    0.000000e+00
806.243000    0.000000e+00
805.761000    0.000000e+00
805.279000    0.000000e+00
804.797000    0.000000e+00
804.314000    0.000000e+00
803.832000    0.000000e+00
803.350000    0.000000e+00
802.868000    0.000000e+00
802.386000    0.000000e+00
801.903000    0.000000e+00
801.421000    0.000000e+00
800.939000    0.000000e+00
800.457000    0.000000e+00
799.975000    0.000000e+00
799.492000    0.000000e+00
799.010000    0.000000e+00
798.528000    0.000000e+00
798.046000    0.000000e+00
797.564000    0.000000e+00
797.081000    0.000000e+00
796.599000    0.000000e+00
796.117000    0.000000e+00
795.635000    0.000000e+00
795.153000    0.000000e+00
794.670000    0.000000e+00
794.188000    0.000000e+00
793.706000    0.000000e+00
793.224000    0.000000e+00
792.742000    0.000000e+00
792.259000    0.000000e+00
791.777000    0.000000e+00
791.295000    0.000000e+00
790.813000    0.000000e+00
790.331000    0.000000e+00
789.848000    0.000000e+00
789.366000    0.000000e+00
788.884000    0.000000e+00
788.402000    0.000000e+00
787.919000    0.000000e+00
787.437000    0.000000e+00
786.955000    0.000000e+00
786.473000    0.000000e+00
785.991000    0.000000e+00
785.508000    0.000000e+00
785.026000    0.000000e+00
784.544000    0.000000e+00
784.062000    0.000000e+00
783.580000    0.000000e+00
783.097000    0.000000e+00
782.615000    0.000000e+00
782.133000    0.000000e+00
781.651000    0.000000e+00
781.169000    0.000000e+00
780.686000    0.000000e+00
780.204000    0.000000e+00
779.722000    0.000000e+00
779.240000    0.000000e+00
778.758000    0.000000e+00
778.275000    0.000000e+00
777.793000    0.000000e+00
777.311000    0.000000e+00
776.829000    0.000000e+00
776.347000    0.000000e+00
775.864000    0.000000e+00
775.382000    0.000000e+00
774.900000    0.000000e+00
774.418000    0.000000e+00
773.936000    0.000000e+00
773.453000    0.000000e+00
772.971000    0.000000e+00
772.489000    0.000000e+00
772.007000    0.000000e+00
771.525000    0.000000e+00
771.042000    0.000000e+00
770.560000    0.000000e+00
770.078000    0.000000e+00
769.596000    0.000000e+00
769.114000    0.000000e+00
768.631000    0.000000e+00
768.149000    0.000000e+00
767.667000    0.000000e+00
767.185000    0.000000e+00
766.703000    0.000000e+00
766.220000    0.000000e+00
765.738000    0.000000e+00
765.256000    0.000000e+00
764.774000    0.000000e+00
764.292000    0.000000e+00
763.809000    0.000000e+00
763.327000    0.000000e+00
762.845000    0.000000e+00
762.363000    0.000000e+00
761.880000    0.000000e+00
761.398000    0.000000e+00
760.916000    0.000000e+00
760.434000    0.000000e+00
759.952000    0.000000e+00
759.469000    0.000000e+00
758.987000    0.000000e+00
758.505000    0.000000e+00
758.023000    0.000000e+00
757.541000    0.000000e+00
757.058000    0.000000e+00
756.576000    0.000000e+00
756.094000    0.000000e+00
755.612000    0.000000e+00
755.130000    0.000000e+00
754.647000    0.000000e+00
754.165000    0.000000e+00
753.683000    0.000000e+00
753.201000    0.000000e+00
752.719000    0.000000e+00
752.236000    0.000000e+00
751.754000    0.000000e+00
751.272000    0.000000e+00
750.790000    0.000000e+00
750.308000    0.000000e+00
749.825000    0.000000e+00
749.343000    0.000000e+00
748.861000    0.000000e+00
748.379000    0.000000e+00
747.897000    0.000000e+00
747.414000    0.000000e+00
746.932000    0.000000e+00
746.450000    0.000000e+00
745.968000    0.000000e+00
745.486000    0.000000e+00
745.003000    0.000000e+00
744.521000    0.000000e+00
744.039000    0.000000e+00
743.557000    0.000000e+00
743.075000    0.000000e+00
742.592000    0.000000e+00
742.110000    0.000000e+00
741.628000    0.000000e+00
741.146000    0.000000e+00
740.664000    0.000000e+00
740.181000    0.000000e+00
739.699000    0.000000e+00
739.217000    0.000000e+00
738.735000    0.000000e+00
738.253000    0.000000e+00
737.770000    0.000000e+00
737.288000    0.000000e+00
736.806000    0.000000e+00
736.324000    0.000000e+00
735.842000    0.000000e+00
735.359000    0.000000e+00
734.877000    0.000000e+00
734.395000    0.000000e+00
733.913000    0.000000e+00
733.431000    0.000000e+00
732.948000    0.000000e+00
732.466000    0.000000e+00
731.984000    0.000000e+00
731.502000    0.000000e+00
731.020000    0.000000e+00
730.537000    0.000000e+00
730.055000    0.000000e+00
729.573000    0.000000e+00
729.091000    0.000000e+00
728.609000    0.000000e+00
728.126000    0.000000e+00
727.644000    0.000000e+00
727.162000    0.000000e+00
726.680000    0.000000e+00
726.198000    0.000000e+00
725.715000    0.000000e+00
725.233000    0.000000e+00
724.751000    0.000000e+00
724.269000    0.000000e+00
723.786000    0.000000e+00
723.304000    0.000000e+00
722.822000    0.000000e+00
722.340000    0.000000e+00
721.858000    0.000000e+00
721.375000    0.000000e+00
720.893000    0.000000e+00
720.411000    0.000000e+00
719.929000    0.000000e+00
719.447000    0.000000e+00
718.964000    0.000000e+00
718.482000    0.000000e+00
718.000000    0.000000e+00
717.518000    0.000000e+00
717.036000    0.000000e+00
716.553000    0.000000e+00
716.071000    0.000000e+00
715.589000    0.000000e+00
715.107000    0.000000e+00
714.625000    0.000000e+00
714.142000    0.000000e+00
713.660000    0.000000e+00
713.178000    0.000000e+00
712.696000    0.000000e+00
712.214000    0.000000e+00
711.731000    0.000000e+00
711.249000    0.000000e+00
710.767000    0.000000e+00
710.285000    0.000000e+00
709.803000    0.000000e+00
709.320000    0.000000e+00
708.838000    0.000000e+00
708.356000    0.000000e+00
707.874000    0.000000e+00
707.392000    0.000000e+00
706.909000    0.000000e+00
706.427000    0.000000e+00
705.945000    0.000000e+00
705.463000    0.000000e+00
704.981000    0.000000e+00
704.498000    0.000000e+00
704.016000    0.000000e+00
703.534000    0.000000e+00
703.052000    0.000000e+00
702.570000    0.000000e+00
702.087000    0.000000e+00
701.605000    0.000000e+00
701.123000    0.000000e+00
700.641000    0.000000e+00
700.159000    0.000000e+00
699.676000    0.000000e+00
699.194000    0.000000e+00
698.712000    0.000000e+00
698.230000    0.000000e+00
697.748000    0.000000e+00
697.265000    0.000000e+00
696.783000    0.000000e+00
696.301000    0.000000e+00
695.819000    0.000000e+00
695.337000    0.000000e+00
694.854000    0.000000e+00
694.372000    0.000000e+00
693.890000    0.000000e+00
693.408000    0.000000e+00
692.925000    0.000000e+00
692.443000    0.000000e+00
691.961000    0.000000e+00
691.479000    0.000000e+00
690.997000    0.000000e+00
690.514000    0.000000e+00
690.032000    0.000000e+00
689.550000    0.000000e+00
689.068000    0.000000e+00
688.586000    0.000000e+00
688.103000    0.000000e+00
687.621000    0.000000e+00
687.139000    0.000000e+00
686.657000    0.000000e+00
686.175000    0.000000e+00
685.692000    0.000000e+00
685.210000    0.000000e+00
684.728000    0.000000e+00
684.246000    0.000000e+00
683.764000    0.000000e+00
683.281000    0.000000e+00
682.799000    0.000000e+00
682.317000    0.000000e+00
681.835000    0.000000e+00
681.353000    0.000000e+00
680.870000    0.000000e+00
680.388000    0.000000e+00
679.906000    0.000000e+00
679.424000    0.000000e+00
678.942000    0.000000e+00
678.459000    0.000000e+00
677.977000    0.000000e+00
677.495000    0.000000e+00
677.013000    0.000000e+00
676.531000    0.000000e+00
676.048000    0.000000e+00
675.566000    0.000000e+00
675.084000    0.000000e+00
674.602000    0.000000e+00
674.120000    0.000000e+00
673.637000    0.000000e+00
673.155000    0.000000e+00
672.673000    0.000000e+00
672.191000    0.000000e+00
671.709000    0.000000e+00
671.226000    0.000000e+00
670.744000    0.000000e+00
670.262000    0.000000e+00
669.780000    0.000000e+00
669.298000    0.000000e+00
668.815000    0.000000e+00
668.333000    0.000000e+00
667.851000    0.000000e+00
667.369000    0.000000e+00
666.887000    0.000000e+00
666.404000    0.000000e+00
665.922000    0.000000e+00
665.440000    0.000000e+00
664.958000    0.000000e+00
664.476000    0.000000e+00
663.993000    0.000000e+00
663.511000    0.000000e+00
663.029000    0.000000e+00
662.547000    0.000000e+00
662.065000    0.000000e+00
661.582000    0.000000e+00
661.100000    0.000000e+00
660.618000    0.000000e+00
660.136000    0.000000e+00
659.654000    0.000000e+00
659.171000    0.000000e+00
658.689000    0.000000e+00
658.207000    0.000000e+00
657.725000    0.000000e+00
657.242000    0.000000e+00
656.760000    0.000000e+00
656.278000    0.000000e+00
655.796000    0.000000e+00
655.314000    0.000000e+00
654.831000    0.000000e+00
654.349000    0.000000e+00
653.867000    0.000000e+00
653.385000    0.000000e+00
652.903000    0.000000e+00
652.420000    0.000000e+00
651.938000    0.000000e+00
651.456000    0.000000e+00
650.974000    0.000000e+00
650.492000    0.000000e+00
650.009000    0.000000e+00
649.527000    0.000000e+00
649.045000    0.000000e+00
648.563000    0.000000e+00
648.081000    0.000000e+00
647.598000    0.000000e+00
647.116000    0.000000e+00
646.634000    0.000000e+00
646.152000    0.000000e+00
645.670000    0.000000e+00
645.187000    0.000000e+00
644.705000    0.000000e+00
644.223000    0.000000e+00
643.741000    0.000000e+00
643.259000    0.000000e+00
642.776000    0.000000e+00
642.294000    0.000000e+00
641.812000    0.000000e+00
641.330000    0.000000e+00
640.848000    0.000000e+00
640.365000    0.000000e+00
639.883000    0.000000e+00
639.401000    0.000000e+00
638.919000    0.000000e+00
638.437000    0.000000e+00
637.954000    0.000000e+00
637.472000    0.000000e+00
636.990000    0.000000e+00
636.508000    0.000000e+00
636.026000    0.000000e+00
635.543000    0.000000e+00
635.061000    0.000000e+00
634.579000    0.000000e+00
634.097000    0.000000e+00
633.615000    0.000000e+00
633.132000    0.000000e+00
632.650000    0.000000e+00
632.168000    0.000000e+00
631.686000    0.000000e+00
631.204000    0.000000e+00
630.721000    0.000000e+00
630.239000    0.000000e+00
629.757000    0.000000e+00
629.275000    0.000000e+00
628.793000    0.000000e+00
628.310000    0.000000e+00
627.828000    0.000000e+00
627.346000    0.000000e+00
626.864000    0.000000e+00
626.382000    0.000000e+00
625.899000    0.000000e+00
625.417000    0.000000e+00
624.935000    0.000000e+00
624.453000    0.000000e+00
623.971000    0.000000e+00
623.488000    0.000000e+00
623.006000    0.000000e+00
622.524000    0.000000e+00
622.042000    0.000000e+00
621.560000    0.000000e+00
621.077000    0.000000e+00
620.595000    0.000000e+00
620.113000    0.000000e+00
619.631000    0.000000e+00
619.148000    0.000000e+00
618.666000    0.000000e+00
618.184000    0.000000e+00
617.702000    0.000000e+00
617.220000    0.000000e+00
616.737000    0.000000e+00
616.255000    0.000000e+00
615.773000    0.000000e+00
615.291000    0.000000e+00
614.809000    0.000000e+00
614.326000    0.000000e+00
613.844000    0.000000e+00
613.362000    0.000000e+00
612.880000    0.000000e+00
612.398000    0.000000e+00
611.915000    0.000000e+00
611.433000    0.000000e+00
610.951000    0.000000e+00
610.469000    0.000000e+00
609.987000    0.000000e+00
609.504000    0.000000e+00
609.022000    0.000000e+00
608.540000    0.000000e+00
608.058000    0.000000e+00
607.576000    0.000000e+00
607.093000    0.000000e+00
606.611000    0.000000e+00
606.129000    0.000000e+00
605.647000    0.000000e+00
605.165000    0.000000e+00
604.682000    0.000000e+00
604.200000    0.000000e+00
603.718000    0.000000e+00
603.236000    0.000000e+00
602.754000    0.000000e+00
602.271000    0.000000e+00
601.789000    0.000000e+00
601.307000    0.000000e+00
600.825000    0.000000e+00
600.343000    0.000000e+00
599.860000    0.000000e+00
599.378000    0.000000e+00
598.896000    0.000000e+00
598.414000    0.000000e+00
597.932000    0.000000e+00
597.449000    0.000000e+00
596.967000    0.000000e+00
596.485000    0.000000e+00
596.003000    0.000000e+00
595.521000    0.000000e+00
595.038000    0.000000e+00
594.556000    0.000000e+00
594.074000    0.000000e+00
593.592000    0.000000e+00
593.109000    0.000000e+00
592.627000    0.000000e+00
592.145000    0.000000e+00
591.663000    0.000000e+00
591.181000    0.000000e+00
590.698000    0.000000e+00
590.216000    0.000000e+00
589.734000    0.000000e+00
589.252000    0.000000e+00
588.770000    0.000000e+00
588.287000    0.000000e+00
587.805000    0.000000e+00
587.323000    0.000000e+00
586.841000    0.000000e+00
586.359000    0.000000e+00
585.876000    0.000000e+00
585.394000    0.000000e+00
584.912000    0.000000e+00
584.430000    0.000000e+00
583.948000    0.000000e+00
583.465000    0.000000e+00
582.983000    0.000000e+00
582.501000    0.000000e+00
582.019000    0.000000e+00
581.537000    0.000000e+00
581.054000    0.000000e+00
580.572000    0.000000e+00
580.090000    0.000000e+00
579.608000    0.000000e+00
579.126000    0.000000e+00
578.643000    0.000000e+00
578.161000    0.000000e+00
577.679000    0.000000e+00
577.197000    0.000000e+00
576.715000    0.000000e+00
576.232000    0.000000e+00
575.750000    0.000000e+00
575.268000    0.000000e+00
574.786000    0.000000e+00
574.304000    0.000000e+00
573.821000    0.000000e+00
573.339000    0.000000e+00
572.857000    0.000000e+00
572.375000    0.000000e+00
571.893000    0.000000e+00
571.410000    0.000000e+00
570.928000    0.000000e+00
570.446000    0.000000e+00
569.964000    0.000000e+00
569.482000    0.000000e+00
568.999000    0.000000e+00
568.517000    0.000000e+00
568.035000    0.000000e+00
567.553000    0.000000e+00
567.071000    0.000000e+00
566.588000    0.000000e+00
566.106000    0.000000e+00
565.624000    0.000000e+00
565.142000    0.000000e+00
564.660000    0.000000e+00
564.177000    0.000000e+00
563.695000    0.000000e+00
563.213000    0.000000e+00
562.731000    0.000000e+00
562.249000    0.000000e+00
561.766000    0.000000e+00
561.284000    0.000000e+00
560.802000    0.000000e+00
560.320000    0.000000e+00
559.838000    0.000000e+00
559.355000    0.000000e+00
558.873000    0.000000e+00
558.391000    0.000000e+00
557.909000    0.000000e+00
557.427000    0.000000e+00
556.944000    0.000000e+00
556.462000    0.000000e+00
555.980000    0.000000e+00
555.498000    0.000000e+00
555.016000    0.000000e+00
554.533000    0.000000e+00
554.051000    0.000000e+00
553.569000    0.000000e+00
553.087000    0.000000e+00
552.604000    0.000000e+00
552.122000    0.000000e+00
551.640000    0.000000e+00
551.158000    0.000000e+00
550.676000    0.000000e+00
550.193000    0.000000e+00
549.711000    0.000000e+00
549.229000    0.000000e+00
548.747000    0.000000e+00
548.265000    0.000000e+00
547.782000    0.000000e+00
547.300000    0.000000e+00
546.818000    0.000000e+00
546.336000    0.000000e+00
545.854000    0.000000e+00
545.371000    0.000000e+00
544.889000    0.000000e+00
544.407000    0.000000e+00
543.925000    0.000000e+00
543.443000    0.000000e+00
542.960000    0.000000e+00
542.478000    0.000000e+00
541.996000    0.000000e+00
541.514000    0.000000e+00
541.032000    0.000000e+00
540.549000    0.000000e+00
540.067000    0.000000e+00
539.585000    0.000000e+00
539.103000    0.000000e+00
538.621000    0.000000e+00
538.138000    0.000000e+00
537.656000    0.000000e+00
537.174000    0.000000e+00
536.692000    0.000000e+00
536.210000    0.000000e+00
535.727000    0.000000e+00
535.245000    0.000000e+00
534.763000    0.000000e+00
534.281000    0.000000e+00
533.799000    0.000000e+00
533.316000    0.000000e+00
532.834000    0.000000e+00
532.352000    0.000000e+00
531.870000    0.000000e+00
531.388000    0.000000e+00
530.905000    0.000000e+00
530.423000    0.000000e+00
529.941000    0.000000e+00
529.459000    0.000000e+00
528.977000    0.000000e+00
528.494000    0.000000e+00
528.012000    0.000000e+00
527.530000    0.000000e+00
527.048000    0.000000e+00
526.565000    0.000000e+00
526.083000    0.000000e+00
525.601000    0.000000e+00
525.119000    0.000000e+00
524.637000    0.000000e+00
524.154000    0.000000e+00
523.672000    0.000000e+00
523.190000    0.000000e+00
522.708000    0.000000e+00
522.226000    0.000000e+00
521.743000    0.000000e+00
521.261000    0.000000e+00
520.779000    0.000000e+00
520.297000    0.000000e+00
519.815000    0.000000e+00
519.332000    0.000000e+00
518.850000    0.000000e+00
518.368000    0.000000e+00
517.886000    0.000000e+00
517.404000    0.000000e+00
516.921000    0.000000e+00
516.439000    0.000000e+00
515.957000    0.000000e+00
515.475000    0.000000e+00
514.993000    0.000000e+00
514.510000    0.000000e+00
514.028000    0.000000e+00
513.546000    0.000000e+00
513.064000    0.000000e+00
512.582000    0.000000e+00
512.099000    0.000000e+00
511.617000    0.000000e+00
511.135000    0.000000e+00
510.653000    0.000000e+00
510.171000    0.000000e+00
509.688000    0.000000e+00
509.206000    0.000000e+00
508.724000    0.000000e+00
508.242000    0.000000e+00
507.760000    0.000000e+00
507.277000    0.000000e+00
506.795000    0.000000e+00
506.313000    0.000000e+00
505.831000    0.000000e+00
505.349000    0.000000e+00
504.866000    0.000000e+00
504.384000    0.000000e+00
503.902000    0.000000e+00
503.420000    0.000000e+00
502.938000    0.000000e+00
502.455000    0.000000e+00
501.973000    0.000000e+00
501.491000    0.000000e+00
501.009000    0.000000e+00
500.527000    0.000000e+00
500.044000    0.000000e+00
499.562000    0.000000e+00
499.080000    0.000000e+00
498.598000    0.000000e+00
498.116000    0.000000e+00
497.633000    0.000000e+00
497.151000    0.000000e+00
496.669000    0.000000e+00
496.187000    0.000000e+00
495.705000    0.000000e+00
495.222000    0.000000e+00
494.740000    0.000000e+00
494.258000    0.000000e+00
493.776000    0.000000e+00
493.294000    0.000000e+00
492.811000    0.000000e+00
492.329000    0.000000e+00
491.847000    0.000000e+00
491.365000    0.000000e+00
490.883000    0.000000e+00
490.400000    0.000000e+00
489.918000    0.000000e+00
489.436000    0.000000e+00
488.954000    0.000000e+00
488.471000    0.000000e+00
487.989000    0.000000e+00
487.507000    0.000000e+00
487.025000    0.000000e+00
486.543000    0.000000e+00
486.060000    0.000000e+00
485.578000    0.000000e+00
485.096000    0.000000e+00
484.614000    0.000000e+00
484.132000    0.000000e+00
483.649000    0.000000e+00
483.167000    0.000000e+00
482.685000    0.000000e+00
482.203000    0.000000e+00
481.721000    0.000000e+00
481.238000    0.000000e+00
480.756000    0.000000e+00
480.274000    0.000000e+00
479.792000    0.000000e+00
479.310000    0.000000e+00
478.827000    0.000000e+00
478.345000    0.000000e+00
477.863000    0.000000e+00
477.381000    0.000000e+00
476.899000    0.000000e+00
476.416000    0.000000e+00
475.934000    0.000000e+00
475.452000    0.000000e+00
474.970000    0.000000e+00
474.488000    0.000000e+00
474.005000    0.000000e+00
473.523000    0.000000e+00
473.041000    0.000000e+00
472.559000    0.000000e+00
472.077000    0.000000e+00
471.594000    0.000000e+00
471.112000    0.000000e+00
470.630000    0.000000e+00
470.148000    0.000000e+00
469.666000    0.000000e+00
469.183000    0.000000e+00
468.701000    0.000000e+00
468.219000    0.000000e+00
467.737000    0.000000e+00
467.255000    0.000000e+00
466.772000    0.000000e+00
466.290000    0.000000e+00
465.808000    0.000000e+00
465.326000    0.000000e+00
464.844000    0.000000e+00
464.361000    0.000000e+00
463.879000    0.000000e+00
463.397000    0.000000e+00
462.915000    0.000000e+00
462.433000    0.000000e+00
461.950000    0.000000e+00
461.468000    0.000000e+00
460.986000    0.000000e+00
460.504000    0.000000e+00
460.022000    0.000000e+00
459.539000    0.000000e+00
459.057000    0.000000e+00
458.575000    0.000000e+00
458.093000    0.000000e+00
457.611000    0.000000e+00
457.128000    0.000000e+00
456.646000    0.000000e+00
456.164000    0.000000e+00
455.682000    0.000000e+00
455.199000    0.000000e+00
454.717000    0.000000e+00
454.235000    0.000000e+00
453.753000    0.000000e+00
453.271000    0.000000e+00
452.788000    0.000000e+00
452.306000    0.000000e+00
451.824000    0.000000e+00
451.342000    0.000000e+00
450.860000    0.000000e+00
450.377000    0.000000e+00
449.895000    0.000000e+00
449.413000    0.000000e+00
448.931000    0.000000e+00
448.449000    0.000000e+00
447.966000    0.000000e+00
447.484000    0.000000e+00
447.002000    0.000000e+00
446.520000    0.000000e+00
446.038000    0.000000e+00
445.555000    0.000000e+00
445.073000    0.000000e+00
444.591000    0.000000e+00
444.109000    0.000000e+00
443.627000    0.000000e+00
443.144000    0.000000e+00
442.662000    0.000000e+00
442.180000    0.000000e+00
441.698000    0.000000e+00
441.216000    0.000000e+00
440.733000    0.000000e+00
440.251000    0.000000e+00
439.769000    0.000000e+00
439.287000    0.000000e+00
438.805000    0.000000e+00
438.322000    0.000000e+00
437.840000    0.000000e+00
437.358000    0.000000e+00
436.876000    0.000000e+00
436.394000    0.000000e+00
435.911000    0.000000e+00
435.429000    0.000000e+00
434.947000    0.000000e+00
434.465000    0.000000e+00
433.983000    0.000000e+00
433.500000    0.000000e+00
433.018000    0.000000e+00
432.536000    0.000000e+00
432.054000    0.000000e+00
431.572000    0.000000e+00
431.089000    0.000000e+00
430.607000    0.000000e+00
430.125000    0.000000e+00
429.643000    0.000000e+00
429.161000    0.000000e+00
428.678000    0.000000e+00
428.196000    0.000000e+00
427.714000    0.000000e+00
427.232000    0.000000e+00
426.750000    0.000000e+00
426.267000    0.000000e+00
425.785000    0.000000e+00
425.303000    0.000000e+00
424.821000    0.000000e+00
424.339000    0.000000e+00
423.856000    0.000000e+00
423.374000    0.000000e+00
422.892000    0.000000e+00
422.410000    0.000000e+00
421.927000    0.000000e+00
421.445000    0.000000e+00
420.963000    0.000000e+00
420.481000    0.000000e+00
419.999000    0.000000e+00
419.516000    0.000000e+00
419.034000    0.000000e+00
418.552000    0.000000e+00
418.070000    0.000000e+00
417.588000    0.000000e+00
417.105000    0.000000e+00
416.623000    0.000000e+00
416.141000    0.000000e+00
415.659000    0.000000e+00
415.177000    0.000000e+00
414.694000    0.000000e+00
414.212000    0.000000e+00
413.730000    0.000000e+00
413.248000    0.000000e+00
412.766000    0.000000e+00
412.283000    0.000000e+00
411.801000    0.000000e+00
411.319000    0.000000e+00
410.837000    0.000000e+00
410.355000    0.000000e+00
409.872000    0.000000e+00
409.390000    0.000000e+00
408.908000    0.000000e+00
408.426000    0.000000e+00
407.944000    0.000000e+00
407.461000    0.000000e+00
406.979000    0.000000e+00
406.497000    0.000000e+00
406.015000    0.000000e+00
405.533000    0.000000e+00
405.050000    0.000000e+00
404.568000    0.000000e+00
404.086000    0.000000e+00
403.604000    0.000000e+00
403.122000    0.000000e+00
402.639000    0.000000e+00
402.157000    0.000000e+00
401.675000    0.000000e+00
401.193000    0.000000e+00
400.711000    0.000000e+00
400.228000    0.000000e+00
399.746000    0.000000e+00
