2155.930000   -2.177705e+00
2155.450000   -3.283790e-04
2154.960000   -3.210000e-04
2154.480000   -3.027385e-04
2154.000000   -2.854784e-04
2153.520000   -3.006198e-04
2153.040000   -3.287627e-04
2152.550000   -3.230913e-04
2152.070000   -3.055371e-04
2151.590000   -2.900844e-04
2151.110000   -3.002331e-04
2150.620000   -2.754678e-04
2150.140000   -2.955195e-04
2149.660000   -3.422727e-04
2149.180000   -2.987274e-04
2148.700000   -2.735836e-04
2148.210000   -2.975258e-04
2147.730000   -2.544849e-04
2147.250000   -2.514455e-04
2146.770000   -2.910076e-04
2146.280000   -2.731559e-04
2145.800000   -3.026210e-04
2145.320000   -3.290875e-04
2144.840000   -2.777556e-04
2144.360000   -2.793251e-04
2143.870000   -3.325810e-04
2143.390000   -2.707535e-04
2142.910000   -2.584275e-04
2142.430000   -3.068030e-04
2141.950000   -3.411800e-04
2141.460000   -3.354434e-04
2140.980000   -3.242234e-04
2140.500000   -3.826049e-04
2140.020000   -3.808879e-04
2139.530000   -3.368574e-04
2139.050000   -3.341434e-04
2138.570000   -3.636309e-04
2138.090000   -3.481198e-04
2137.610000   -3.213103e-04
2137.120000   -2.971875e-04
2136.640000   -3.317810e-04
2136.160000   -3.620759e-04
2135.680000   -2.918724e-04
2135.190000   -2.561557e-04
2134.710000   -3.037552e-04
2134.230000   -3.246562e-04
2133.750000   -3.126587e-04
2133.270000   -3.996627e-04
2132.780000   -4.155537e-04
2132.300000   -3.830607e-04
2131.820000   -3.909692e-04
2131.340000   -3.783793e-04
2130.850000   -3.730765e-04
2130.370000   -3.888895e-04
2129.890000   -3.680041e-04
2129.410000   -3.681202e-04
2128.930000   -3.656377e-04
2128.440000   -3.742427e-04
2127.960000   -4.161633e-04
2127.480000   -4.147854e-04
2127.000000   -3.937091e-04
2126.510000   -3.151202e-04
2126.030000   -3.067469e-04
2125.550000   -3.600751e-04
2125.070000   -4.022048e-04
2124.590000   -3.605360e-04
2124.100000   -2.874549e-04
2123.620000   -3.209892e-04
2123.140000   -3.433250e-04
2122.660000   -3.287624e-04
2122.170000   -3.423874e-04
2121.690000   -3.454278e-04
2121.210000   -3.517698e-04
2120.730000   -3.500132e-04
2120.250000   -3.244582e-04
2119.760000   -3.399910e-04
2119.280000   -3.649391e-04
2118.800000   -3.410886e-04
2118.320000   -3.272397e-04
2117.830000   -3.237789e-04
2117.350000   -3.445330e-04
2116.870000   -3.606887e-04
2116.390000   -3.373459e-04
2115.910000   -3.362047e-04
2115.420000   -3.417517e-04
2114.940000   -3.411135e-04
2114.460000   -3.400769e-04
2113.980000   -3.019418e-04
2113.500000   -3.614082e-04
2113.010000   -4.136630e-04
2112.530000   -3.745325e-04
2112.050000   -3.880036e-04
2111.570000   -4.057762e-04
2111.080000   -3.662373e-04
2110.600000   -3.767130e-04
2110.120000   -4.133903e-04
2109.640000   -4.393691e-04
2109.160000   -4.362494e-04
2108.670000   -3.867184e-04
2108.190000   -3.872018e-04
2107.710000   -4.329868e-04
2107.230000   -4.151733e-04
2106.740000   -3.480487e-04
2106.260000   -4.394383e-04
2105.780000   -4.859295e-04
2105.300000   -4.295222e-04
2104.820000   -3.841165e-04
2104.330000   -4.007997e-04
2103.850000   -4.405971e-04
2103.370000   -4.509961e-04
2102.890000   -4.432966e-04
2102.400000   -3.922862e-04
2101.920000   -4.011899e-04
2101.440000   -4.274951e-04
2100.960000   -3.877018e-04
2100.480000   -3.701101e-04
2099.990000   -3.889077e-04
2099.510000   -3.799191e-04
2099.030000   -3.762321e-04
2098.550000   -3.803467e-04
2098.060000   -3.471506e-04
2097.580000   -3.462683e-04
2097.100000   -3.471876e-04
2096.620000   -3.234084e-04
2096.140000   -3.314308e-04
2095.650000   -3.041428e-04
2095.170000   -3.156683e-04
2094.690000   -3.559954e-04
2094.210000   -3.470241e-04
2093.720000   -3.567425e-04
2093.240000   -3.133743e-04
2092.760000   -2.604077e-04
2092.280000   -3.178427e-04
2091.800000   -3.129792e-04
2091.310000   -2.365057e-04
2090.830000   -2.186454e-04
2090.350000   -2.148867e-04
2089.870000   -1.792295e-04
2089.390000   -1.740739e-04
2088.900000   -1.856084e-04
2088.420000   -1.507560e-04
2087.940000   -1.392052e-04
2087.460000   -1.490560e-04
2086.970000   -1.839969e-04
2086.490000   -2.116509e-04
2086.010000   -1.880064e-04
2085.530000   -2.123635e-04
2085.050000   -2.003222e-04
2084.560000   -1.868713e-04
2084.080000   -2.026331e-04
2083.600000   -1.929966e-04
2083.120000   -1.560617e-04
2082.630000   -1.565172e-04
2082.150000   -1.938855e-04
2081.670000   -2.001553e-04
2081.190000   -1.777267e-04
2080.710000   -1.170997e-04
2080.220000   -1.519634e-04
2079.740000   -1.716396e-04
2079.260000   -1.327175e-04
2078.780000   -1.177969e-04
2078.290000   -1.223671e-04
2077.810000   -7.294970e-05
2077.330000   -1.440339e-04
2076.850000   -2.139197e-04
2076.370000   -1.340072e-04
2075.880000   -1.137855e-04
2075.400000   -5.657617e-05
2074.920000   -6.496841e-05
2074.440000   -9.476224e-05
2073.950000   -3.704718e-05
2073.470000   -1.274425e-05
2072.990000   -1.764292e-05
2072.510000   -4.994319e-05
2072.030000   -4.334507e-05
2071.540000   3.261783e-06
2071.060000   5.575667e-05
2070.580000   5.394994e-05
2070.100000   3.704161e-05
2069.610000   1.453419e-04
2069.130000   1.789303e-04
2068.650000   1.715171e-04
2068.170000   1.753023e-04
2067.690000   1.472859e-04
2067.200000   1.814779e-04
2066.720000   1.484582e-04
2066.240000   1.216370e-04
2065.760000   1.745141e-04
2065.270000   2.143994e-04
2064.790000   2.930733e-04
2064.310000   3.565455e-04
2063.830000   3.198161e-04
2063.350000   3.018851e-04
2062.860000   3.266622e-04
2062.380000   3.378279e-04
2061.900000   3.562920e-04
2061.420000   3.618545e-04
2060.940000   3.803153e-04
2060.450000   4.401841e-04
2059.970000   4.485417e-04
2059.490000   4.387976e-04
2059.010000   4.546520e-04
2058.520000   4.492141e-04
2058.040000   4.247651e-04
2057.560000   3.929145e-04
2057.080000   4.200623e-04
2056.600000   4.465084e-04
2056.110000   4.422622e-04
2055.630000   4.634050e-04
2055.150000   5.072462e-04
2054.670000   4.971858e-04
2054.180000   5.138328e-04
2053.700000   5.319691e-04
2053.220000   5.469037e-04
2052.740000   5.961367e-04
2052.260000   6.101681e-04
2051.770000   6.115068e-04
2051.290000   5.703348e-04
2050.810000   6.246612e-04
2050.330000   7.096860e-04
2049.840000   6.848179e-04
2049.360000   6.724393e-04
2048.880000   6.674591e-04
2048.400000   6.569773e-04
2047.920000   6.692938e-04
2047.430000   7.193173e-04
2046.950000   7.405305e-04
2046.470000   6.959420e-04
2045.990000   7.099519e-04
2045.500000   7.564686e-04
2045.020000   7.655751e-04
2044.540000   7.470800e-04
2044.060000   7.289833e-04
2043.580000   7.344848e-04
2043.090000   7.473931e-04
2042.610000   7.159913e-04
2042.130000   7.626879e-04
2041.650000   8.387828e-04
2041.160000   7.981843e-04
2040.680000   8.030758e-04
2040.200000   8.389658e-04
2039.720000   8.424540e-04
2039.240000   8.382406e-04
2038.750000   7.941335e-04
2038.270000   7.594168e-04
2037.790000   7.688983e-04
2037.310000   7.705782e-04
2036.820000   7.412643e-04
2036.340000   7.449408e-04
2035.860000   8.177157e-04
2035.380000   8.223889e-04
2034.900000   8.073604e-04
2034.410000   8.118380e-04
2033.930000   7.820061e-04
2033.450000   7.516726e-04
2032.970000   7.555374e-04
2032.480000   7.237081e-04
2032.000000   7.084695e-04
2031.520000   7.819292e-04
2031.040000   7.680873e-04
2030.560000   7.609437e-04
2030.070000   7.956057e-04
2029.590000   8.108587e-04
2029.110000   7.147100e-04
2028.630000   5.959597e-04
2028.150000   6.650076e-04
2027.660000   7.310611e-04
2027.180000   6.758056e-04
2026.700000   6.528485e-04
2026.220000   6.704896e-04
2025.730000   6.841362e-04
2025.250000   6.931739e-04
2024.770000   7.009100e-04
2024.290000   7.098444e-04
2023.810000   6.640771e-04
2023.320000   6.087150e-04
2022.840000   6.155443e-04
2022.360000   6.557718e-04
2021.880000   6.171977e-04
2021.390000   5.721286e-04
2020.910000   6.045511e-04
2020.430000   6.559719e-04
2019.950000   6.397909e-04
2019.470000   6.208083e-04
2018.980000   6.363305e-04
2018.500000   6.179445e-04
2018.020000   5.642567e-04
2017.540000   5.041672e-04
2017.050000   5.304825e-04
2016.570000   5.318895e-04
2016.090000   4.835949e-04
2015.610000   4.716986e-04
2015.130000   4.745006e-04
2014.640000   4.519071e-04
2014.160000   4.352056e-04
2013.680000   4.428024e-04
2013.200000   4.734975e-04
2012.710000   4.395970e-04
2012.230000   3.854886e-04
2011.750000   3.609785e-04
2011.270000   3.583667e-04
2010.790000   4.282532e-04
2010.300000   4.243439e-04
2009.820000   3.805269e-04
2009.340000   3.610082e-04
2008.860000   3.375878e-04
2008.370000   3.048715e-04
2007.890000   2.893476e-04
2007.410000   2.906220e-04
2006.930000   3.119946e-04
2006.450000   2.751656e-04
2005.960000   2.382404e-04
2005.480000   2.626079e-04
2005.000000   2.544736e-04
2004.520000   2.555376e-04
2004.040000   2.255999e-04
2003.550000   1.680658e-04
2003.070000   1.612246e-04
2002.590000   1.704817e-04
2002.110000   1.861370e-04
2001.620000   2.288958e-04
2001.140000   1.892477e-04
2000.660000   1.405977e-04
2000.180000   1.447461e-04
1999.700000   1.840927e-04
1999.210000   2.025427e-04
1998.730000   1.334858e-04
1998.250000   1.163271e-04
1997.770000   1.200667e-04
1997.280000   8.610956e-05
1996.800000   4.404566e-05
1996.320000   4.818002e-05
1995.840000   1.090126e-04
1995.360000   4.964350e-05
1994.870000   -6.172262e-05
1994.390000   -4.739528e-05
1993.910000   -6.696852e-07
1993.430000   -5.945840e-06
1992.940000   -1.681914e-05
1992.460000   -6.998827e-06
1991.980000   -1.648027e-05
1991.500000   -5.163465e-06
1991.020000   7.951587e-06
1990.530000   -4.403069e-05
1990.050000   -7.351918e-05
1989.570000   -6.270943e-05
1989.090000   -3.860144e-05
1988.600000   -3.039093e-05
1988.120000   -7.598649e-05
1987.640000   -1.062838e-04
1987.160000   -1.018829e-04
1986.680000   -7.068373e-05
1986.190000   -1.017822e-04
1985.710000   -1.347867e-04
1985.230000   -1.388928e-04
1984.750000   -1.710008e-04
1984.260000   -1.494065e-04
1983.780000   -1.771180e-04
1983.300000   -1.923313e-04
1982.820000   -1.871463e-04
1982.340000   -2.271632e-04
1981.850000   -2.398780e-04
1981.370000   -1.814984e-04
1980.890000   -1.216205e-04
1980.410000   -1.841445e-04
1979.920000   -2.115666e-04
1979.440000   -2.018941e-04
1978.960000   -2.287234e-04
1978.480000   -2.244545e-04
1978.000000   -2.561874e-04
1977.510000   -3.184186e-04
1977.030000   -3.116551e-04
1976.550000   -2.862933e-04
1976.070000   -2.510333e-04
1975.590000   -2.448751e-04
1975.100000   -2.914155e-04
1974.620000   -2.729609e-04
1974.140000   -2.653081e-04
1973.660000   -2.731571e-04
1973.170000   -2.711048e-04
1972.690000   -2.885574e-04
1972.210000   -2.816118e-04
1971.730000   -2.786680e-04
1971.250000   -2.505260e-04
1970.760000   -2.650828e-04
1970.280000   -3.174444e-04
1969.800000   -2.720078e-04
1969.320000   -2.758730e-04
1968.830000   -3.132373e-04
1968.350000   -2.349061e-04
1967.870000   -1.803767e-04
1967.390000   -1.763492e-04
1966.910000   -2.026234e-04
1966.420000   -3.029969e-04
1965.940000   -3.434747e-04
1965.460000   -2.981544e-04
1964.980000   -2.804359e-04
1964.490000   -2.614168e-04
1964.010000   -2.569019e-04
1963.530000   -2.413888e-04
1963.050000   -2.942776e-04
1962.570000   -3.882682e-04
1962.080000   -3.144583e-04
1961.600000   -1.997525e-04
1961.120000   -1.630486e-04
1960.640000   -1.654464e-04
1960.150000   -1.909440e-04
1959.670000   -1.889455e-04
1959.190000   -1.927488e-04
1958.710000   -2.570540e-04
1958.230000   -2.714609e-04
1957.740000   -2.432679e-04
1957.260000   -2.150785e-04
1956.780000   -2.293910e-04
1956.300000   -2.281053e-04
1955.810000   -2.265196e-04
1955.330000   -3.161376e-04
1954.850000   -3.389574e-04
1954.370000   -2.575790e-04
1953.890000   -2.417025e-04
1953.400000   -2.698262e-04
1952.920000   -2.515534e-04
1952.440000   -2.707824e-04
1951.960000   -3.073132e-04
1951.470000   -3.150445e-04
1950.990000   -2.764790e-04
1950.510000   -2.257153e-04
1950.030000   -2.286535e-04
1949.550000   -2.156935e-04
1949.060000   -2.227342e-04
1948.580000   -2.459779e-04
1948.100000   -2.480235e-04
1947.620000   -3.239709e-04
1947.140000   -3.549202e-04
1946.650000   -2.890703e-04
1946.170000   -2.762233e-04
1945.690000   -2.906781e-04
1945.210000   -2.597348e-04
1944.720000   -2.334925e-04
1944.240000   -2.786529e-04
1943.760000   -2.669151e-04
1943.280000   -1.942792e-04
1942.800000   -2.184452e-04
1942.310000   -2.441123e-04
1941.830000   -2.074820e-04
1941.350000   -1.864536e-04
1940.870000   -1.932270e-04
1940.380000   -1.662017e-04
1939.900000   -1.894789e-04
1939.420000   -1.903579e-04
1938.940000   -1.727388e-04
1938.460000   -1.865215e-04
1937.970000   -1.511058e-04
1937.490000   -1.311923e-04
1937.010000   -1.408806e-04
1936.530000   -1.228709e-04
1936.040000   -1.096628e-04
1935.560000   -1.160568e-04
1935.080000   -1.071526e-04
1934.600000   -1.256504e-04
1934.120000   -1.261499e-04
1933.630000   -1.115515e-04
1933.150000   -7.045483e-05
1932.670000   -3.046006e-05
1932.190000   -4.966718e-05
1931.700000   -6.837637e-05
1931.220000   -5.928727e-05
1930.740000   -6.710004e-05
1930.260000   -9.681470e-05
1929.780000   -1.139312e-04
1929.290000   -9.075004e-05
1928.810000   -9.687036e-05
1928.330000   -1.143926e-04
1927.850000   -9.671666e-05
1927.360000   -1.039432e-04
1926.880000   -1.162711e-04
1926.400000   -1.209009e-04
1925.920000   -1.247325e-04
1925.440000   -1.092661e-04
1924.950000   -8.570229e-05
1924.470000   -1.229397e-04
1923.990000   -1.830789e-04
1923.510000   -1.150201e-04
1923.030000   -3.556312e-05
1922.540000   -9.410901e-05
1922.060000   -1.505559e-04
1921.580000   -1.265046e-04
1921.100000   -6.815530e-05
1920.610000   -5.480898e-05
1920.130000   -6.706347e-05
1919.650000   -9.231987e-05
1919.170000   -1.172782e-04
1918.690000   -1.010384e-04
1918.200000   -9.780177e-05
1917.720000   -8.866581e-05
1917.240000   -1.046318e-04
1916.760000   -1.520996e-04
1916.270000   -1.116708e-04
1915.790000   -9.954255e-05
1915.310000   -1.003162e-04
1914.830000   -3.299169e-05
1914.350000   -4.306913e-05
1913.860000   -1.060501e-04
1913.380000   -9.803144e-05
1912.900000   -3.651466e-05
1912.420000   -6.569979e-05
1911.930000   -6.478866e-05
1911.450000   1.422336e-06
1910.970000   1.543142e-05
1910.490000   2.923858e-05
1910.010000   4.534382e-05
1909.520000   4.974511e-05
1909.040000   2.634647e-05
1908.560000   1.434590e-05
1908.080000   2.834342e-05
1907.590000   4.043681e-05
1907.110000   3.663043e-05
1906.630000   2.442212e-05
1906.150000   4.831188e-05
1905.670000   6.189972e-05
1905.180000   7.888322e-05
1904.700000   8.436716e-05
1904.220000   7.744915e-05
1903.740000   1.323292e-04
1903.250000   1.578048e-04
1902.770000   1.534809e-04
1902.290000   1.151552e-04
1901.810000   7.782744e-05
1901.330000   8.849779e-05
1900.840000   8.426342e-05
1900.360000   5.122984e-05
1899.880000   8.099432e-05
1899.400000   1.352569e-04
1898.910000   1.584145e-04
1898.430000   1.165731e-04
1897.950000   7.552978e-05
1897.470000   1.211845e-04
1896.990000   1.563373e-04
1896.500000   1.403849e-04
1896.020000   1.232338e-04
1895.540000   1.259806e-04
1895.060000   8.532554e-05
1894.580000   8.156850e-05
1894.090000   6.960618e-05
1893.610000   3.394519e-05
1893.130000   8.208224e-05
1892.650000   1.593173e-04
1892.160000   1.707470e-04
1891.680000   1.664781e-04
1891.200000   1.541073e-04
1890.720000   1.391345e-04
1890.240000   1.682597e-04
1889.750000   1.804793e-04
1889.270000   1.980006e-04
1888.790000   2.041199e-04
1888.310000   1.991373e-04
1887.820000   2.023488e-04
1887.340000   2.071621e-04
1886.860000   2.232735e-04
1886.380000   1.849829e-04
1885.900000   1.847904e-04
1885.410000   2.254918e-04
1884.930000   2.083952e-04
1884.450000   1.989967e-04
1883.970000   2.243962e-04
1883.480000   2.572895e-04
1883.000000   2.337850e-04
1882.520000   2.053785e-04
1882.040000   2.225701e-04
1881.560000   2.725596e-04
1881.070000   3.187427e-04
1880.590000   2.982283e-04
1880.110000   3.017118e-04
1879.630000   3.502934e-04
1879.140000   3.741684e-04
1878.660000   3.576459e-04
1878.180000   3.292215e-04
1877.700000   3.121951e-04
1877.220000   2.666667e-04
1876.730000   2.701314e-04
1876.250000   3.095990e-04
1875.770000   2.913645e-04
1875.290000   2.552281e-04
1874.800000   2.602847e-04
1874.320000   3.247442e-04
1873.840000   3.612017e-04
1873.360000   3.458572e-04
1872.880000   3.445107e-04
1872.390000   3.429570e-04
1871.910000   3.319065e-04
1871.430000   3.829539e-04
1870.950000   3.279994e-04
1870.460000   3.190375e-04
1869.980000   3.943789e-04
1869.500000   3.331182e-04
1869.020000   3.181556e-04
1868.540000   3.680910e-04
1868.050000   3.795187e-04
1867.570000   3.882500e-04
1867.090000   3.877793e-04
1866.610000   3.941065e-04
1866.120000   4.422260e-04
1865.640000   4.253492e-04
1865.160000   3.700704e-04
1864.680000   3.810895e-04
1864.200000   3.876066e-04
1863.710000   3.779157e-04
1863.230000   4.254288e-04
1862.750000   4.536398e-04
1862.270000   4.407487e-04
1861.790000   4.164557e-04
1861.300000   4.152544e-04
1860.820000   3.723573e-04
1860.340000   3.753581e-04
1859.860000   3.924568e-04
1859.370000   3.764472e-04
1858.890000   4.071419e-04
1858.410000   3.699345e-04
1857.930000   3.779251e-04
1857.450000   4.385137e-04
1856.960000   4.447936e-04
1856.480000   4.134781e-04
1856.000000   3.746605e-04
1855.520000   3.358408e-04
1855.030000   3.991124e-04
1854.550000   4.974886e-04
1854.070000   4.714628e-04
1853.590000   4.726349e-04
1853.110000   4.948050e-04
1852.620000   4.890661e-04
1852.140000   4.549320e-04
1851.660000   4.544959e-04
1851.180000   4.542577e-04
1850.690000   4.215104e-04
1850.210000   4.804681e-04
1849.730000   5.188237e-04
1849.250000   5.235773e-04
1848.770000   5.209288e-04
1848.280000   5.514709e-04
1847.800000   5.700183e-04
1847.320000   5.535636e-04
1846.840000   5.100068e-04
1846.350000   5.100404e-04
1845.870000   5.508795e-04
1845.390000   5.880165e-04
1844.910000   5.851514e-04
1844.430000   5.574842e-04
1843.940000   5.723073e-04
1843.460000   5.837360e-04
1842.980000   5.743626e-04
1842.500000   5.484871e-04
1842.010000   5.928017e-04
1841.530000   5.879220e-04
1841.050000   5.547402e-04
1840.570000   6.036564e-04
1840.090000   6.353705e-04
1839.600000   6.272744e-04
1839.120000   6.447843e-04
1838.640000   6.265921e-04
1838.160000   5.881979e-04
1837.680000   6.301015e-04
1837.190000   6.576947e-04
1836.710000   6.507942e-04
1836.230000   6.729915e-04
1835.750000   6.730868e-04
1835.260000   6.682714e-04
1834.780000   7.187624e-04
1834.300000   7.129514e-04
1833.820000   6.746382e-04
1833.340000   7.167230e-04
1832.850000   7.514969e-04
1832.370000   7.403774e-04
1831.890000   7.721558e-04
1831.410000   7.642321e-04
1830.920000   7.087975e-04
1830.440000   7.097695e-04
1829.960000   7.270395e-04
1829.480000   7.497073e-04
1829.000000   7.526731e-04
1828.510000   7.660276e-04
1828.030000   8.197891e-04
1827.550000   7.975485e-04
1827.070000   7.930058e-04
1826.580000   7.932517e-04
1826.100000   7.678047e-04
1825.620000   8.223556e-04
1825.140000   7.954044e-04
1824.660000   7.818510e-04
1824.170000   8.137861e-04
1823.690000   8.054285e-04
1823.210000   7.863687e-04
1822.730000   7.872069e-04
1822.240000   8.123332e-04
1821.760000   8.133671e-04
1821.280000   8.163988e-04
1820.800000   8.438285e-04
1820.320000   8.688559e-04
1819.830000   8.464714e-04
1819.350000   8.503946e-04
1818.870000   8.734156e-04
1818.390000   8.506346e-04
1817.900000   8.689413e-04
1817.420000   8.686559e-04
1816.940000   8.518684e-04
1816.460000   9.011787e-04
1815.980000   8.711870e-04
1815.490000   8.430827e-04
1815.010000   9.088866e-04
1814.530000   9.372884e-04
1814.050000   9.468880e-04
1813.560000   9.380749e-04
1813.080000   9.750702e-04
1812.600000   9.685634e-04
1812.120000   9.425544e-04
1811.640000   9.650432e-04
1811.150000   9.501192e-04
1810.670000   9.643037e-04
1810.190000   9.547860e-04
1809.710000   9.808662e-04
1809.230000   1.045744e-03
1808.740000   1.058609e-03
1808.260000   1.058983e-03
1807.780000   1.074854e-03
1807.300000   1.056324e-03
1806.810000   1.031280e-03
1806.330000   1.049845e-03
1805.850000   1.052008e-03
1805.370000   1.072568e-03
1804.890000   1.101727e-03
1804.400000   1.091072e-03
1803.920000   1.078726e-03
1803.440000   1.084578e-03
1802.960000   1.124228e-03
1802.470000   1.123764e-03
1801.990000   1.084109e-03
1801.510000   1.060053e-03
1801.030000   1.066094e-03
1800.550000   1.083533e-03
1800.060000   1.102858e-03
1799.580000   1.113192e-03
1799.100000   1.136724e-03
1798.620000   1.112755e-03
1798.130000   1.117971e-03
1797.650000   1.174696e-03
1797.170000   1.183820e-03
1796.690000   1.140741e-03
1796.210000   1.100861e-03
1795.720000   1.151765e-03
1795.240000   1.167880e-03
1794.760000   1.158893e-03
1794.280000   1.143003e-03
1793.790000   1.131899e-03
1793.310000   1.088605e-03
1792.830000   1.099409e-03
1792.350000   1.142610e-03
1791.870000   1.160210e-03
1791.380000   1.153994e-03
1790.900000   1.122689e-03
1790.420000   1.150282e-03
1789.940000   1.205572e-03
1789.450000   1.237648e-03
1788.970000   1.190234e-03
1788.490000   1.232218e-03
1788.010000   1.254100e-03
1787.530000   1.208079e-03
1787.040000   1.196043e-03
1786.560000   1.174718e-03
1786.080000   1.183291e-03
1785.600000   1.202062e-03
1785.110000   1.212617e-03
1784.630000   1.199983e-03
1784.150000   1.246547e-03
1783.670000   1.258709e-03
1783.190000   1.246568e-03
1782.700000   1.307012e-03
1782.220000   1.354567e-03
1781.740000   1.324120e-03
1781.260000   1.309970e-03
1780.780000   1.379918e-03
1780.290000   1.322351e-03
1779.810000   1.266395e-03
1779.330000   1.330736e-03
1778.850000   1.353275e-03
1778.360000   1.388699e-03
1777.880000   1.417334e-03
1777.400000   1.383966e-03
1776.920000   1.394697e-03
1776.440000   1.429025e-03
1775.950000   1.419236e-03
1775.470000   1.391960e-03
1774.990000   1.402281e-03
1774.510000   1.437201e-03
1774.020000   1.433703e-03
1773.540000   1.377718e-03
1773.060000   1.351930e-03
1772.580000   1.413340e-03
1772.100000   1.408748e-03
1771.610000   1.395939e-03
1771.130000   1.399143e-03
1770.650000   1.415244e-03
1770.170000   1.473442e-03
1769.680000   1.518324e-03
1769.200000   1.531219e-03
1768.720000   1.490811e-03
1768.240000   1.531500e-03
1767.760000   1.585188e-03
1767.270000   1.573758e-03
1766.790000   1.532541e-03
1766.310000   1.496322e-03
1765.830000   1.478400e-03
1765.340000   1.497161e-03
1764.860000   1.527635e-03
1764.380000   1.551107e-03
1763.900000   1.568876e-03
1763.420000   1.551043e-03
1762.930000   1.527892e-03
1762.450000   1.561855e-03
1761.970000   1.615615e-03
1761.490000   1.622773e-03
1761.000000   1.597613e-03
1760.520000   1.554866e-03
1760.040000   1.568217e-03
1759.560000   1.607166e-03
1759.080000   1.627712e-03
1758.590000   1.686441e-03
1758.110000   1.692083e-03
1757.630000   1.676722e-03
1757.150000   1.648660e-03
1756.670000   1.665394e-03
1756.180000   1.709011e-03
1755.700000   1.749242e-03
1755.220000   1.719670e-03
1754.740000   1.652395e-03
1754.250000   1.708403e-03
1753.770000   1.735424e-03
1753.290000   1.726943e-03
1752.810000   1.755359e-03
1752.330000   1.790973e-03
1751.840000   1.760269e-03
1751.360000   1.753079e-03
1750.880000   1.784086e-03
1750.400000   1.803991e-03
1749.910000   1.846777e-03
1749.430000   1.876677e-03
1748.950000   1.860175e-03
1748.470000   1.828371e-03
1747.990000   1.865565e-03
1747.500000   1.917139e-03
1747.020000   1.938228e-03
1746.540000   1.891814e-03
1746.060000   1.863798e-03
1745.570000   1.917063e-03
1745.090000   1.885142e-03
1744.610000   1.962919e-03
1744.130000   2.067394e-03
1743.650000   2.082267e-03
1743.160000   2.154520e-03
1742.680000   2.164387e-03
1742.200000   2.085953e-03
1741.720000   2.039816e-03
1741.230000   2.022659e-03
1740.750000   2.043618e-03
1740.270000   2.111174e-03
1739.790000   2.144628e-03
1739.310000   2.126179e-03
1738.820000   2.165810e-03
1738.340000   2.194757e-03
1737.860000   2.153701e-03
1737.380000   2.178743e-03
1736.890000   2.223165e-03
1736.410000   2.222903e-03
1735.930000   2.185538e-03
1735.450000   2.147170e-03
1734.970000   2.171600e-03
1734.480000   2.240010e-03
1734.000000   2.247936e-03
1733.520000   2.268659e-03
1733.040000   2.329980e-03
1732.550000   2.376980e-03
1732.070000   2.379196e-03
1731.590000   2.371710e-03
1731.110000   2.402321e-03
1730.630000   2.437730e-03
1730.140000   2.441818e-03
1729.660000   2.442323e-03
1729.180000   2.500225e-03
1728.700000   2.516024e-03
1728.220000   2.520421e-03
1727.730000   2.532197e-03
1727.250000   2.536590e-03
1726.770000   2.551080e-03
1726.290000   2.629667e-03
1725.800000   2.683634e-03
1725.320000   2.644316e-03
1724.840000   2.708997e-03
1724.360000   2.739475e-03
1723.880000   2.749851e-03
1723.390000   2.801205e-03
1722.910000   2.806776e-03
1722.430000   2.850445e-03
1721.950000   2.911411e-03
1721.460000   2.940555e-03
1720.980000   2.935717e-03
1720.500000   2.956776e-03
1720.020000   3.031132e-03
1719.540000   3.056786e-03
1719.050000   3.037219e-03
1718.570000   3.095268e-03
1718.090000   3.151415e-03
1717.610000   3.175560e-03
1717.120000   3.230482e-03
1716.640000   3.285022e-03
1716.160000   3.329959e-03
1715.680000   3.347094e-03
1715.200000   3.382727e-03
1714.710000   3.457037e-03
1714.230000   3.476265e-03
1713.750000   3.482890e-03
1713.270000   3.543213e-03
1712.780000   3.595613e-03
1712.300000   3.612631e-03
1711.820000   3.661147e-03
1711.340000   3.685160e-03
1710.860000   3.720871e-03
1710.370000   3.817159e-03
1709.890000   3.895265e-03
1709.410000   3.912368e-03
1708.930000   3.916970e-03
1708.440000   3.955448e-03
1707.960000   4.023444e-03
1707.480000   4.054138e-03
1707.000000   4.089329e-03
1706.520000   4.186318e-03
1706.030000   4.200884e-03
1705.550000   4.287268e-03
1705.070000   4.398350e-03
1704.590000   4.458229e-03
1704.100000   4.536684e-03
1703.620000   4.589659e-03
1703.140000   4.644231e-03
1702.660000   4.645200e-03
1702.180000   4.695367e-03
1701.690000   4.770310e-03
1701.210000   4.807072e-03
1700.730000   4.871332e-03
1700.250000   4.963689e-03
1699.770000   5.034544e-03
1699.280000   5.103775e-03
1698.800000   5.229025e-03
1698.320000   5.303972e-03
1697.840000   5.327117e-03
1697.350000   5.428238e-03
1696.870000   5.467278e-03
1696.390000   5.461815e-03
1695.910000   5.610851e-03
1695.430000   5.726083e-03
1694.940000   5.777991e-03
1694.460000   5.853919e-03
1693.980000   5.959244e-03
1693.500000   6.079067e-03
1693.010000   6.179765e-03
1692.530000   6.231983e-03
1692.050000   6.236798e-03
1691.570000   6.281011e-03
1691.090000   6.365522e-03
1690.600000   6.454707e-03
1690.120000   6.541812e-03
1689.640000   6.635516e-03
1689.160000   6.724816e-03
1688.670000   6.733691e-03
1688.190000   6.769587e-03
1687.710000   6.860580e-03
1687.230000   6.932970e-03
1686.750000   7.040059e-03
1686.260000   7.119021e-03
1685.780000   7.186304e-03
1685.300000   7.230885e-03
1684.820000   7.282863e-03
1684.330000   7.355215e-03
1683.850000   7.386788e-03
1683.370000   7.412959e-03
1682.890000   7.521097e-03
1682.410000   7.668253e-03
1681.920000   7.705812e-03
1681.440000   7.752553e-03
1680.960000   7.816001e-03
1680.480000   7.791607e-03
1679.990000   7.821036e-03
1679.510000   7.917867e-03
1679.030000   7.964645e-03
1678.550000   8.015170e-03
1678.070000   8.043803e-03
1677.580000   8.060500e-03
1677.100000   8.130368e-03
1676.620000   8.228983e-03
1676.140000   8.245096e-03
1675.650000   8.222783e-03
1675.170000   8.332561e-03
1674.690000   8.423826e-03
1674.210000   8.418129e-03
1673.730000   8.417419e-03
1673.240000   8.525193e-03
1672.760000   8.642528e-03
1672.280000   8.621911e-03
1671.800000   8.631381e-03
1671.320000   8.766849e-03
1670.830000   8.839039e-03
1670.350000   8.799712e-03
1669.870000   8.803892e-03
1669.390000   8.854740e-03
1668.900000   8.938090e-03
1668.420000   9.006712e-03
1667.940000   9.003982e-03
1667.460000   8.988720e-03
1666.980000   9.011365e-03
1666.490000   9.079462e-03
1666.010000   9.118761e-03
1665.530000   9.159009e-03
1665.050000   9.212283e-03
1664.560000   9.267650e-03
1664.080000   9.330530e-03
1663.600000   9.325097e-03
1663.120000   9.308551e-03
1662.640000   9.393923e-03
1662.150000   9.501577e-03
1661.670000   9.539383e-03
1661.190000   9.558898e-03
1660.710000   9.585269e-03
1660.220000   9.653963e-03
1659.740000   9.746379e-03
1659.260000   9.782523e-03
1658.780000   9.822564e-03
1658.300000   9.851293e-03
1657.810000   9.878063e-03
1657.330000   1.001693e-02
1656.850000   1.008457e-02
1656.370000   1.011526e-02
1655.880000   1.014782e-02
1655.400000   1.012145e-02
1654.920000   1.019975e-02
1654.440000   1.033997e-02
1653.960000   1.033817e-02
1653.470000   1.033528e-02
1652.990000   1.044089e-02
1652.510000   1.051343e-02
1652.030000   1.056669e-02
1651.540000   1.060656e-02
1651.060000   1.065040e-02
1650.580000   1.070360e-02
1650.100000   1.072956e-02
1649.620000   1.079568e-02
1649.130000   1.079332e-02
1648.650000   1.075649e-02
1648.170000   1.086017e-02
1647.690000   1.094339e-02
1647.200000   1.094605e-02
1646.720000   1.092617e-02
1646.240000   1.092523e-02
1645.760000   1.095235e-02
1645.280000   1.102994e-02
1644.790000   1.105075e-02
1644.310000   1.103638e-02
1643.830000   1.105149e-02
1643.350000   1.103226e-02
1642.870000   1.100965e-02
1642.380000   1.096552e-02
1641.900000   1.095060e-02
1641.420000   1.093610e-02
1640.940000   1.090969e-02
1640.450000   1.089796e-02
1639.970000   1.083636e-02
1639.490000   1.078424e-02
1639.010000   1.071655e-02
1638.530000   1.064337e-02
1638.040000   1.055176e-02
1637.560000   1.045457e-02
1637.080000   1.041132e-02
1636.600000   1.029679e-02
1636.110000   1.015823e-02
1635.630000   1.009659e-02
1635.150000   1.000210e-02
1634.670000   9.904086e-03
1634.190000   9.795395e-03
1633.700000   9.647642e-03
1633.220000   9.523105e-03
1632.740000   9.368105e-03
1632.260000   9.159653e-03
1631.770000   9.086369e-03
1631.290000   9.067592e-03
1630.810000   8.905552e-03
1630.330000   8.735139e-03
1629.850000   8.588294e-03
1629.360000   8.482337e-03
1628.880000   8.358226e-03
1628.400000   8.208133e-03
1627.920000   8.062797e-03
1627.430000   7.956848e-03
1626.950000   7.843177e-03
1626.470000   7.722143e-03
1625.990000   7.635637e-03
1625.510000   7.540957e-03
1625.020000   7.386925e-03
1624.540000   7.218541e-03
1624.060000   7.086913e-03
1623.580000   6.989884e-03
1623.090000   6.967701e-03
1622.610000   6.908085e-03
1622.130000   6.769327e-03
1621.650000   6.632627e-03
1621.170000   6.540363e-03
1620.680000   6.500367e-03
1620.200000   6.395498e-03
1619.720000   6.283027e-03
1619.240000   6.180553e-03
1618.760000   6.121476e-03
1618.270000   6.119266e-03
1617.790000   6.049383e-03
1617.310000   5.933699e-03
1616.830000   5.839611e-03
1616.340000   5.790890e-03
1615.860000   5.734697e-03
1615.380000   5.712801e-03
1614.900000   5.726003e-03
1614.420000   5.712702e-03
1613.930000   5.656567e-03
1613.450000   5.602960e-03
1612.970000   5.543951e-03
1612.490000   5.495339e-03
1612.000000   5.462093e-03
1611.520000   5.433576e-03
1611.040000   5.369256e-03
1610.560000   5.311533e-03
1610.080000   5.306008e-03
1609.590000   5.269148e-03
1609.110000   5.270617e-03
1608.630000   5.279884e-03
1608.150000   5.248447e-03
1607.660000   5.215176e-03
1607.180000   5.137534e-03
1606.700000   5.074290e-03
1606.220000   5.071143e-03
1605.740000   5.058893e-03
1605.250000   5.025208e-03
1604.770000   5.014853e-03
1604.290000   4.968394e-03
1603.810000   4.940434e-03
1603.320000   4.958737e-03
1602.840000   4.922471e-03
1602.360000   4.834602e-03
1601.880000   4.799530e-03
1601.400000   4.799956e-03
1600.910000   4.767446e-03
1600.430000   4.740966e-03
1599.950000   4.752183e-03
1599.470000   4.769597e-03
1598.980000   4.708476e-03
1598.500000   4.658985e-03
1598.020000   4.655091e-03
1597.540000   4.689495e-03
1597.060000   4.703995e-03
1596.570000   4.643560e-03
1596.090000   4.608355e-03
1595.610000   4.628348e-03
1595.130000   4.630937e-03
1594.640000   4.560091e-03
1594.160000   4.547275e-03
1593.680000   4.570756e-03
1593.200000   4.565335e-03
1592.720000   4.560411e-03
1592.230000   4.559350e-03
1591.750000   4.567720e-03
1591.270000   4.569488e-03
1590.790000   4.589053e-03
1590.310000   4.511315e-03
1589.820000   4.460240e-03
1589.340000   4.560196e-03
1588.860000   4.579550e-03
1588.380000   4.537001e-03
1587.890000   4.544315e-03
1587.410000   4.531360e-03
1586.930000   4.557302e-03
1586.450000   4.560642e-03
1585.970000   4.528479e-03
1585.480000   4.567079e-03
1585.000000   4.606510e-03
1584.520000   4.597139e-03
1584.040000   4.573064e-03
1583.550000   4.569152e-03
1583.070000   4.565273e-03
1582.590000   4.578090e-03
1582.110000   4.582805e-03
1581.630000   4.532516e-03
1581.140000   4.523190e-03
1580.660000   4.523596e-03
1580.180000   4.521600e-03
1579.700000   4.536200e-03
1579.210000   4.543463e-03
1578.730000   4.534658e-03
1578.250000   4.542950e-03
1577.770000   4.624439e-03
1577.290000   4.617626e-03
1576.800000   4.551973e-03
1576.320000   4.544254e-03
1575.840000   4.625632e-03
1575.360000   4.698108e-03
1574.870000   4.681044e-03
1574.390000   4.654114e-03
1573.910000   4.619180e-03
1573.430000   4.645544e-03
1572.950000   4.645905e-03
1572.460000   4.613227e-03
1571.980000   4.628583e-03
1571.500000   4.664235e-03
1571.020000   4.734085e-03
1570.530000   4.736595e-03
1570.050000   4.674539e-03
1569.570000   4.660781e-03
1569.090000   4.670219e-03
1568.610000   4.652855e-03
1568.120000   4.649850e-03
1567.640000   4.657080e-03
1567.160000   4.682507e-03
1566.680000   4.704831e-03
1566.190000   4.695916e-03
1565.710000   4.692334e-03
1565.230000   4.710350e-03
1564.750000   4.761062e-03
1564.270000   4.775272e-03
1563.780000   4.736942e-03
1563.300000   4.746646e-03
1562.820000   4.805948e-03
1562.340000   4.793346e-03
1561.860000   4.764842e-03
1561.370000   4.788297e-03
1560.890000   4.743086e-03
1560.410000   4.710273e-03
1559.930000   4.769958e-03
1559.440000   4.781401e-03
1558.960000   4.700379e-03
1558.480000   4.711955e-03
1558.000000   4.776927e-03
1557.520000   4.799197e-03
1557.030000   4.821826e-03
1556.550000   4.802290e-03
1556.070000   4.798851e-03
1555.590000   4.835509e-03
1555.100000   4.801326e-03
1554.620000   4.717978e-03
1554.140000   4.731028e-03
1553.660000   4.811174e-03
1553.180000   4.864018e-03
1552.690000   4.888320e-03
1552.210000   4.924758e-03
1551.730000   4.961193e-03
1551.250000   4.975325e-03
1550.760000   4.965516e-03
1550.280000   4.873742e-03
1549.800000   4.879865e-03
1549.320000   4.915786e-03
1548.840000   4.915604e-03
1548.350000   4.927879e-03
1547.870000   4.934791e-03
1547.390000   4.997100e-03
1546.910000   5.012006e-03
1546.420000   4.999069e-03
1545.940000   5.042969e-03
1545.460000   4.996667e-03
1544.980000   4.963061e-03
1544.500000   5.038652e-03
1544.010000   5.006101e-03
1543.530000   5.037987e-03
1543.050000   5.102269e-03
1542.570000   5.067449e-03
1542.080000   5.050886e-03
1541.600000   5.089459e-03
1541.120000   5.088430e-03
1540.640000   5.068698e-03
1540.160000   5.127263e-03
1539.670000   5.120985e-03
1539.190000   5.082944e-03
1538.710000   5.175401e-03
1538.230000   5.253354e-03
1537.740000   5.234164e-03
1537.260000   5.278211e-03
1536.780000   5.341955e-03
1536.300000   5.314897e-03
1535.820000   5.298036e-03
1535.330000   5.359230e-03
1534.850000   5.394863e-03
1534.370000   5.414593e-03
1533.890000   5.481619e-03
1533.410000   5.531963e-03
1532.920000   5.556193e-03
1532.440000   5.556101e-03
1531.960000   5.532706e-03
1531.480000   5.489998e-03
1530.990000   5.510465e-03
1530.510000   5.562801e-03
1530.030000   5.543124e-03
1529.550000   5.496034e-03
1529.070000   5.451601e-03
1528.580000   5.451374e-03
1528.100000   5.447705e-03
1527.620000   5.437623e-03
1527.140000   5.451758e-03
1526.650000   5.415529e-03
1526.170000   5.367678e-03
1525.690000   5.320954e-03
1525.210000   5.263827e-03
1524.730000   5.321598e-03
1524.240000   5.406103e-03
1523.760000   5.344187e-03
1523.280000   5.285649e-03
1522.800000   5.306807e-03
1522.310000   5.308520e-03
1521.830000   5.223772e-03
1521.350000   5.206321e-03
1520.870000   5.335278e-03
1520.390000   5.412471e-03
1519.900000   5.425889e-03
1519.420000   5.412496e-03
1518.940000   5.421360e-03
1518.460000   5.431412e-03
1517.970000   5.425617e-03
1517.490000   5.420332e-03
1517.010000   5.442055e-03
1516.530000   5.513554e-03
1516.050000   5.540730e-03
1515.560000   5.505760e-03
1515.080000   5.538121e-03
1514.600000   5.567818e-03
1514.120000   5.560702e-03
1513.630000   5.612110e-03
1513.150000   5.686138e-03
1512.670000   5.689653e-03
1512.190000   5.679775e-03
1511.710000   5.746714e-03
1511.220000   5.827306e-03
1510.740000   5.914230e-03
1510.260000   5.881570e-03
1509.780000   5.853387e-03
1509.290000   5.920746e-03
1508.810000   5.962287e-03
1508.330000   5.990615e-03
1507.850000   5.994620e-03
1507.370000   6.034112e-03
1506.880000   6.091456e-03
1506.400000   6.121382e-03
1505.920000   6.182545e-03
1505.440000   6.292774e-03
1504.960000   6.410651e-03
1504.470000   6.517729e-03
1503.990000   6.584470e-03
1503.510000   6.590587e-03
1503.030000   6.657562e-03
1502.540000   6.733068e-03
1502.060000   6.786116e-03
1501.580000   6.934961e-03
1501.100000   7.032824e-03
1500.620000   7.103513e-03
1500.130000   7.221883e-03
1499.650000   7.287986e-03
1499.170000   7.400246e-03
1498.690000   7.594243e-03
1498.200000   7.745531e-03
1497.720000   7.889262e-03
1497.240000   8.075749e-03
1496.760000   8.193414e-03
1496.280000   8.395555e-03
1495.790000   8.625158e-03
1495.310000   8.760823e-03
1494.830000   8.903485e-03
1494.350000   9.142014e-03
1493.860000   9.502124e-03
1493.380000   9.679727e-03
1492.900000   9.885207e-03
1492.420000   1.021515e-02
1491.940000   1.048224e-02
1491.450000   1.074409e-02
1490.970000   1.101570e-02
1490.490000   1.133534e-02
1490.010000   1.173515e-02
1489.520000   1.215012e-02
1489.040000   1.245262e-02
1488.560000   1.281559e-02
1488.080000   1.326404e-02
1487.600000   1.374138e-02
1487.110000   1.420704e-02
1486.630000   1.468723e-02
1486.150000   1.516234e-02
1485.670000   1.557994e-02
1485.180000   1.606213e-02
1484.700000   1.655890e-02
1484.220000   1.701796e-02
1483.740000   1.749455e-02
1483.260000   1.801620e-02
1482.770000   1.855257e-02
1482.290000   1.910451e-02
1481.810000   1.961706e-02
1481.330000   2.011485e-02
1480.840000   2.063394e-02
1480.360000   2.107221e-02
1479.880000   2.146448e-02
1479.400000   2.186765e-02
1478.920000   2.222652e-02
1478.430000   2.246783e-02
1477.950000   2.262041e-02
1477.470000   2.281862e-02
1476.990000   2.296864e-02
1476.510000   2.287447e-02
1476.020000   2.264776e-02
1475.540000   2.246425e-02
1475.060000   2.222818e-02
1474.580000   2.181779e-02
1474.090000   2.127827e-02
1473.610000   2.068264e-02
1473.130000   2.013998e-02
1472.650000   1.962582e-02
1472.170000   1.907852e-02
1471.680000   1.860250e-02
1471.200000   1.824719e-02
1470.720000   1.799618e-02
1470.240000   1.787565e-02
1469.750000   1.788374e-02
1469.270000   1.803143e-02
1468.790000   1.829843e-02
1468.310000   1.854740e-02
1467.830000   1.886603e-02
1467.340000   1.918052e-02
1466.860000   1.950188e-02
1466.380000   1.982172e-02
1465.900000   1.998530e-02
1465.410000   2.016810e-02
1464.930000   2.043466e-02
1464.450000   2.064143e-02
1463.970000   2.075474e-02
1463.490000   2.078685e-02
1463.000000   2.072689e-02
1462.520000   2.065792e-02
1462.040000   2.053226e-02
1461.560000   2.033105e-02
1461.070000   2.012727e-02
1460.590000   1.986484e-02
1460.110000   1.956467e-02
1459.630000   1.914253e-02
1459.150000   1.867013e-02
1458.660000   1.827405e-02
1458.180000   1.791705e-02
1457.700000   1.763338e-02
1457.220000   1.729854e-02
1456.730000   1.693938e-02
1456.250000   1.672274e-02
1455.770000   1.659246e-02
1455.290000   1.643375e-02
1454.810000   1.637877e-02
1454.320000   1.640514e-02
1453.840000   1.643357e-02
1453.360000   1.641064e-02
1452.880000   1.633870e-02
1452.400000   1.634195e-02
1451.910000   1.635181e-02
1451.430000   1.636949e-02
1450.950000   1.637155e-02
1450.470000   1.633924e-02
1449.980000   1.636909e-02
1449.500000   1.634980e-02
1449.020000   1.625010e-02
1448.540000   1.622691e-02
1448.060000   1.625704e-02
1447.570000   1.625244e-02
1447.090000   1.618872e-02
1446.610000   1.607494e-02
1446.130000   1.595548e-02
1445.640000   1.584527e-02
1445.160000   1.568906e-02
1444.680000   1.550891e-02
1444.200000   1.535587e-02
1443.720000   1.515665e-02
1443.230000   1.496475e-02
1442.750000   1.485721e-02
1442.270000   1.471118e-02
1441.790000   1.451203e-02
1441.300000   1.437055e-02
1440.820000   1.427431e-02
1440.340000   1.416214e-02
1439.860000   1.404561e-02
1439.380000   1.405067e-02
1438.890000   1.406781e-02
1438.410000   1.411444e-02
1437.930000   1.417493e-02
1437.450000   1.414451e-02
1436.960000   1.421369e-02
1436.480000   1.428577e-02
1436.000000   1.432109e-02
1435.520000   1.445318e-02
1435.040000   1.455959e-02
1434.550000   1.461597e-02
1434.070000   1.475178e-02
1433.590000   1.487195e-02
1433.110000   1.493561e-02
1432.620000   1.495121e-02
1432.140000   1.504946e-02
1431.660000   1.515828e-02
1431.180000   1.516891e-02
1430.700000   1.523170e-02
1430.210000   1.535304e-02
1429.730000   1.546399e-02
1429.250000   1.551016e-02
1428.770000   1.553184e-02
1428.280000   1.557275e-02
1427.800000   1.568433e-02
1427.320000   1.573392e-02
1426.840000   1.569520e-02
1426.360000   1.574973e-02
1425.870000   1.579819e-02
1425.390000   1.576051e-02
1424.910000   1.574983e-02
1424.430000   1.574951e-02
1423.950000   1.576394e-02
1423.460000   1.579250e-02
1422.980000   1.583344e-02
1422.500000   1.587589e-02
1422.020000   1.588903e-02
1421.530000   1.588791e-02
1421.050000   1.586869e-02
1420.570000   1.586342e-02
1420.090000   1.573752e-02
1419.610000   1.563595e-02
1419.120000   1.561090e-02
1418.640000   1.562208e-02
1418.160000   1.570837e-02
1417.680000   1.566510e-02
1417.190000   1.555846e-02
1416.710000   1.551566e-02
1416.230000   1.547347e-02
1415.750000   1.549180e-02
1415.270000   1.544974e-02
1414.780000   1.533039e-02
1414.300000   1.521847e-02
1413.820000   1.512185e-02
1413.340000   1.509760e-02
1412.850000   1.509097e-02
1412.370000   1.505984e-02
1411.890000   1.492012e-02
1411.410000   1.488542e-02
1410.930000   1.477697e-02
1410.440000   1.467042e-02
1409.960000   1.461389e-02
1409.480000   1.443528e-02
1409.000000   1.428075e-02
1408.510000   1.412157e-02
1408.030000   1.404822e-02
1407.550000   1.400661e-02
1407.070000   1.389633e-02
1406.590000   1.381740e-02
1406.100000   1.366252e-02
1405.620000   1.342575e-02
1405.140000   1.342770e-02
1404.660000   1.343063e-02
1404.170000   1.327886e-02
1403.690000   1.312135e-02
1403.210000   1.295782e-02
1402.730000   1.287601e-02
1402.250000   1.284246e-02
1401.760000   1.275391e-02
1401.280000   1.252814e-02
1400.800000   1.233118e-02
1400.320000   1.225417e-02
1399.830000   1.208967e-02
1399.350000   1.189069e-02
1398.870000   1.177615e-02
1398.390000   1.165166e-02
1397.910000   1.139734e-02
1397.420000   1.120375e-02
1396.940000   1.109913e-02
1396.460000   1.095828e-02
1395.980000   1.083695e-02
1395.500000   1.066887e-02
1395.010000   1.054642e-02
1394.530000   1.039612e-02
1394.050000   1.024184e-02
1393.570000   1.012623e-02
1393.080000   9.959901e-03
1392.600000   9.875924e-03
1392.120000   9.794753e-03
1391.640000   9.649179e-03
1391.160000   9.497092e-03
1390.670000   9.369320e-03
1390.190000   9.267266e-03
1389.710000   9.126078e-03
1389.230000   9.034197e-03
1388.740000   9.013571e-03
1388.260000   8.947893e-03
1387.780000   8.794332e-03
1387.300000   8.686957e-03
1386.820000   8.700319e-03
1386.330000   8.646875e-03
1385.850000   8.504570e-03
1385.370000   8.448141e-03
1384.890000   8.417949e-03
1384.400000   8.358652e-03
1383.920000   8.357023e-03
1383.440000   8.384191e-03
1382.960000   8.396505e-03
1382.480000   8.355746e-03
1381.990000   8.345861e-03
1381.510000   8.339014e-03
1381.030000   8.317485e-03
1380.550000   8.183952e-03
1380.060000   7.920783e-03
1379.580000   7.717652e-03
1379.100000   7.569729e-03
1378.620000   7.405852e-03
1378.140000   7.201341e-03
1377.650000   7.068665e-03
1377.170000   7.018607e-03
1376.690000   6.859587e-03
1376.210000   6.716892e-03
1375.720000   6.634051e-03
1375.240000   6.488830e-03
1374.760000   6.370055e-03
1374.280000   6.275877e-03
1373.800000   6.160145e-03
1373.310000   6.136077e-03
1372.830000   6.155238e-03
1372.350000   6.091926e-03
1371.870000   6.000000e-03
1371.380000   5.943027e-03
1370.900000   5.876585e-03
1370.420000   5.842769e-03
1369.940000   5.897459e-03
1369.460000   5.859006e-03
1368.970000   5.762945e-03
1368.490000   5.700895e-03
1368.010000   5.626592e-03
1367.530000   5.611474e-03
1367.050000   5.612434e-03
1366.560000   5.530045e-03
1366.080000   5.532288e-03
1365.600000   5.545237e-03
1365.120000   5.460792e-03
1364.630000   5.414469e-03
1364.150000   5.428858e-03
1363.670000   5.368072e-03
1363.190000   5.315804e-03
1362.710000   5.326552e-03
1362.220000   5.332601e-03
1361.740000   5.344552e-03
1361.260000   5.321409e-03
1360.780000   5.263783e-03
1360.290000   5.242818e-03
1359.810000   5.283604e-03
1359.330000   5.278428e-03
1358.850000   5.283627e-03
1358.370000   5.345203e-03
1357.880000   5.408170e-03
1357.400000   5.399949e-03
1356.920000   5.397525e-03
1356.440000   5.492627e-03
1355.950000   5.461249e-03
1355.470000   5.379604e-03
1354.990000   5.435956e-03
1354.510000   5.492284e-03
1354.030000   5.495548e-03
1353.540000   5.474612e-03
1353.060000   5.524929e-03
1352.580000   5.576013e-03
1352.100000   5.580823e-03
1351.610000   5.570423e-03
1351.130000   5.590286e-03
1350.650000   5.616486e-03
1350.170000   5.609552e-03
1349.690000   5.661554e-03
1349.200000   5.704536e-03
1348.720000   5.647861e-03
1348.240000   5.675753e-03
1347.760000   5.754221e-03
1347.270000   5.722398e-03
1346.790000   5.626379e-03
1346.310000   5.595807e-03
1345.830000   5.673570e-03
1345.350000   5.663551e-03
1344.860000   5.610750e-03
1344.380000   5.589603e-03
1343.900000   5.558433e-03
1343.420000   5.585049e-03
1342.930000   5.595723e-03
1342.450000   5.547242e-03
1341.970000   5.548957e-03
1341.490000   5.564579e-03
1341.010000   5.554217e-03
1340.520000   5.473563e-03
1340.040000   5.378944e-03
1339.560000   5.374422e-03
1339.080000   5.335155e-03
1338.600000   5.219896e-03
1338.110000   5.176933e-03
1337.630000   5.167927e-03
1337.150000   5.126316e-03
1336.670000   5.053792e-03
1336.180000   5.020425e-03
1335.700000   4.990824e-03
1335.220000   4.937489e-03
1334.740000   4.895780e-03
1334.260000   4.838908e-03
1333.770000   4.814733e-03
1333.290000   4.800923e-03
1332.810000   4.763260e-03
1332.330000   4.749324e-03
1331.840000   4.716134e-03
1331.360000   4.604870e-03
1330.880000   4.549853e-03
1330.400000   4.581592e-03
1329.920000   4.574057e-03
1329.430000   4.497969e-03
1328.950000   4.394507e-03
1328.470000   4.403861e-03
1327.990000   4.484452e-03
1327.500000   4.479919e-03
1327.020000   4.448683e-03
1326.540000   4.371983e-03
1326.060000   4.381929e-03
1325.580000   4.390952e-03
1325.090000   4.362940e-03
1324.610000   4.404096e-03
1324.130000   4.395238e-03
1323.650000   4.344166e-03
1323.160000   4.340740e-03
1322.680000   4.375341e-03
1322.200000   4.334378e-03
1321.720000   4.288472e-03
1321.240000   4.291122e-03
1320.750000   4.326517e-03
1320.270000   4.378039e-03
1319.790000   4.462729e-03
1319.310000   4.494864e-03
1318.820000   4.503064e-03
1318.340000   4.648832e-03
1317.860000   4.772877e-03
1317.380000   4.861058e-03
1316.900000   5.015695e-03
1316.410000   5.250626e-03
1315.930000   5.476886e-03
1315.450000   5.761723e-03
1314.970000   6.181905e-03
1314.480000   6.685752e-03
1314.000000   7.296837e-03
1313.520000   8.005369e-03
1313.040000   8.779167e-03
1312.560000   9.692201e-03
1312.070000   1.080382e-02
1311.590000   1.206246e-02
1311.110000   1.354869e-02
1310.630000   1.510425e-02
1310.150000   1.670562e-02
1309.660000   1.835931e-02
1309.180000   1.990754e-02
1308.700000   2.138047e-02
1308.220000   2.278758e-02
1307.730000   2.412767e-02
1307.250000   2.536754e-02
1306.770000   2.651720e-02
1306.290000   2.754335e-02
1305.810000   2.838191e-02
1305.320000   2.909128e-02
1304.840000   2.966423e-02
1304.360000   3.003097e-02
1303.880000   3.021211e-02
1303.390000   3.029237e-02
1302.910000   3.013580e-02
1302.430000   2.982172e-02
1301.950000   2.939125e-02
1301.470000   2.873837e-02
1300.980000   2.802781e-02
1300.500000   2.716362e-02
1300.020000   2.615393e-02
1299.540000   2.499043e-02
1299.050000   2.362886e-02
1298.570000   2.215086e-02
1298.090000   2.052775e-02
1297.610000   1.874404e-02
1297.130000   1.689425e-02
1296.640000   1.504627e-02
1296.160000   1.316957e-02
1295.680000   1.138740e-02
1295.200000   9.759682e-03
1294.710000   8.329494e-03
1294.230000   7.066748e-03
1293.750000   6.040968e-03
1293.270000   5.281415e-03
1292.790000   4.717828e-03
1292.300000   4.405501e-03
1291.820000   4.145246e-03
1291.340000   3.903818e-03
1290.860000   3.735446e-03
1290.370000   3.621554e-03
1289.890000   3.554415e-03
1289.410000   3.450081e-03
1288.930000   3.395995e-03
1288.450000   3.354584e-03
1287.960000   3.285143e-03
1287.480000   3.241685e-03
1287.000000   3.206993e-03
1286.520000   3.218487e-03
1286.040000   3.222938e-03
1285.550000   3.199518e-03
1285.070000   3.236691e-03
1284.590000   3.174891e-03
1284.110000   3.151597e-03
1283.620000   3.276251e-03
1283.140000   3.272189e-03
1282.660000   3.194714e-03
1282.180000   3.170915e-03
1281.700000   3.206542e-03
1281.210000   3.252327e-03
1280.730000   3.261207e-03
1280.250000   3.170953e-03
1279.770000   3.160155e-03
1279.280000   3.223185e-03
1278.800000   3.254069e-03
1278.320000   3.311080e-03
1277.840000   3.302277e-03
1277.360000   3.246040e-03
1276.870000   3.243631e-03
1276.390000   3.251097e-03
1275.910000   3.229729e-03
1275.430000   3.249777e-03
1274.940000   3.281813e-03
1274.460000   3.222503e-03
1273.980000   3.194510e-03
1273.500000   3.253893e-03
1273.020000   3.263023e-03
1272.530000   3.235589e-03
1272.050000   3.235241e-03
1271.570000   3.200209e-03
1271.090000   3.162183e-03
1270.600000   3.215294e-03
1270.120000   3.224081e-03
1269.640000   3.210474e-03
1269.160000   3.266413e-03
1268.680000   3.272789e-03
1268.190000   3.221250e-03
1267.710000   3.263018e-03
1267.230000   3.266112e-03
1266.750000   3.255052e-03
1266.260000   3.249679e-03
1265.780000   3.244051e-03
1265.300000   3.327380e-03
1264.820000   3.335275e-03
1264.340000   3.281407e-03
1263.850000   3.301414e-03
1263.370000   3.287427e-03
1262.890000   3.315507e-03
1262.410000   3.373333e-03
1261.920000   3.296665e-03
1261.440000   3.268823e-03
1260.960000   3.286978e-03
1260.480000   3.260959e-03
1260.000000   3.275036e-03
1259.510000   3.251978e-03
1259.030000   3.146008e-03
1258.550000   3.163044e-03
1258.070000   3.225696e-03
1257.590000   3.138884e-03
1257.100000   3.080636e-03
1256.620000   3.120827e-03
1256.140000   3.131764e-03
1255.660000   3.148787e-03
1255.170000   3.147114e-03
1254.690000   3.141179e-03
1254.210000   3.117271e-03
1253.730000   3.093408e-03
1253.250000   3.049132e-03
1252.760000   3.022860e-03
1252.280000   3.031906e-03
1251.800000   3.001448e-03
1251.320000   3.034727e-03
1250.830000   3.072119e-03
1250.350000   3.062070e-03
1249.870000   3.091977e-03
1249.390000   3.081620e-03
1248.910000   3.067310e-03
1248.420000   3.069372e-03
1247.940000   3.051424e-03
1247.460000   3.094282e-03
1246.980000   3.125507e-03
1246.490000   3.078233e-03
1246.010000   3.086860e-03
1245.530000   3.087113e-03
1245.050000   3.064282e-03
1244.570000   3.064817e-03
1244.080000   3.065564e-03
1243.600000   3.112621e-03
1243.120000   3.096065e-03
1242.640000   3.046125e-03
1242.150000   3.033096e-03
1241.670000   3.077328e-03
1241.190000   3.082256e-03
1240.710000   3.043701e-03
1240.230000   3.009531e-03
1239.740000   2.970973e-03
1239.260000   3.016066e-03
1238.780000   3.020485e-03
1238.300000   2.927810e-03
1237.810000   2.925437e-03
1237.330000   2.969714e-03
1236.850000   2.937788e-03
1236.370000   2.922567e-03
1235.890000   2.930133e-03
1235.400000   2.941720e-03
1234.920000   2.896238e-03
1234.440000   2.852663e-03
1233.960000   2.926433e-03
1233.470000   2.891664e-03
1232.990000   2.910987e-03
1232.510000   2.933986e-03
1232.030000   2.878891e-03
1231.550000   2.878372e-03
1231.060000   2.833393e-03
1230.580000   2.807317e-03
1230.100000   2.818947e-03
1229.620000   2.846412e-03
1229.140000   2.755784e-03
1228.650000   2.680636e-03
1228.170000   2.708990e-03
1227.690000   2.685421e-03
1227.210000   2.695047e-03
1226.720000   2.745433e-03
1226.240000   2.771992e-03
1225.760000   2.789896e-03
1225.280000   2.780927e-03
1224.800000   2.777095e-03
1224.310000   2.782581e-03
1223.830000   2.759940e-03
1223.350000   2.792556e-03
1222.870000   2.835487e-03
1222.380000   2.799288e-03
1221.900000   2.795462e-03
1221.420000   2.748352e-03
1220.940000   2.629188e-03
1220.460000   2.651200e-03
1219.970000   2.743051e-03
1219.490000   2.782515e-03
1219.010000   2.811696e-03
1218.530000   2.844103e-03
1218.040000   2.798607e-03
1217.560000   2.693386e-03
1217.080000   2.655881e-03
1216.600000   2.721553e-03
1216.120000   2.785290e-03
1215.630000   2.829855e-03
1215.150000   2.878035e-03
1214.670000   2.819750e-03
1214.190000   2.756282e-03
1213.700000   2.763341e-03
1213.220000   2.731935e-03
1212.740000   2.698755e-03
1212.260000   2.721962e-03
1211.780000   2.702894e-03
1211.290000   2.693143e-03
1210.810000   2.755768e-03
1210.330000   2.778389e-03
1209.850000   2.708756e-03
1209.360000   2.667559e-03
1208.880000   2.685518e-03
1208.400000   2.718023e-03
1207.920000   2.771634e-03
1207.440000   2.730422e-03
1206.950000   2.635445e-03
1206.470000   2.676665e-03
1205.990000   2.693071e-03
1205.510000   2.661242e-03
1205.020000   2.625960e-03
1204.540000   2.616234e-03
1204.060000   2.647694e-03
1203.580000   2.675980e-03
1203.100000   2.662743e-03
1202.610000   2.625270e-03
1202.130000   2.630615e-03
1201.650000   2.621525e-03
1201.170000   2.617042e-03
1200.690000   2.604725e-03
1200.200000   2.635333e-03
1199.720000   2.590978e-03
1199.240000   2.519799e-03
1198.760000   2.488596e-03
1198.270000   2.484838e-03
1197.790000   2.470427e-03
1197.310000   2.521613e-03
1196.830000   2.537314e-03
1196.350000   2.491202e-03
1195.860000   2.532464e-03
1195.380000   2.516504e-03
1194.900000   2.470490e-03
1194.420000   2.556612e-03
1193.930000   2.634158e-03
1193.450000   2.585382e-03
1192.970000   2.535182e-03
1192.490000   2.562569e-03
1192.010000   2.524522e-03
1191.520000   2.414267e-03
1191.040000   2.451442e-03
1190.560000   2.516053e-03
1190.080000   2.495480e-03
1189.590000   2.496270e-03
1189.110000   2.542969e-03
1188.630000   2.488774e-03
1188.150000   2.467165e-03
1187.670000   2.493193e-03
1187.180000   2.521613e-03
1186.700000   2.579182e-03
1186.220000   2.542058e-03
1185.740000   2.537999e-03
1185.250000   2.547103e-03
1184.770000   2.539427e-03
1184.290000   2.530617e-03
1183.810000   2.526603e-03
1183.330000   2.574075e-03
1182.840000   2.561989e-03
1182.360000   2.554463e-03
1181.880000   2.603034e-03
1181.400000   2.591440e-03
1180.910000   2.526198e-03
1180.430000   2.582027e-03
1179.950000   2.662811e-03
1179.470000   2.597352e-03
1178.990000   2.556439e-03
1178.500000   2.563297e-03
1178.020000   2.546306e-03
1177.540000   2.488711e-03
1177.060000   2.439062e-03
1176.570000   2.464244e-03
1176.090000   2.492658e-03
1175.610000   2.568577e-03
1175.130000   2.570522e-03
1174.650000   2.487584e-03
1174.160000   2.481676e-03
1173.680000   2.551700e-03
1173.200000   2.630370e-03
1172.720000   2.543305e-03
1172.240000   2.459647e-03
1171.750000   2.471929e-03
1171.270000   2.565764e-03
1170.790000   2.621294e-03
1170.310000   2.638450e-03
1169.820000   2.692146e-03
1169.340000   2.734184e-03
1168.860000   2.756329e-03
1168.380000   2.723539e-03
1167.900000   2.814536e-03
1167.410000   2.952192e-03
1166.930000   2.946031e-03
1166.450000   3.014076e-03
1165.970000   3.140637e-03
1165.480000   3.127277e-03
1165.000000   3.081020e-03
1164.520000   3.100009e-03
1164.040000   3.195614e-03
1163.560000   3.296566e-03
1163.070000   3.346206e-03
1162.590000   3.309869e-03
1162.110000   3.387999e-03
1161.630000   3.526564e-03
1161.140000   3.534038e-03
1160.660000   3.551956e-03
1160.180000   3.553980e-03
1159.700000   3.483860e-03
1159.220000   3.464346e-03
1158.730000   3.472440e-03
1158.250000   3.472988e-03
1157.770000   3.489633e-03
1157.290000   3.430323e-03
1156.800000   3.342701e-03
1156.320000   3.276373e-03
1155.840000   3.225622e-03
1155.360000   3.214047e-03
1154.880000   3.190457e-03
1154.390000   3.123565e-03
1153.910000   3.009758e-03
1153.430000   2.925897e-03
1152.950000   2.874922e-03
1152.460000   2.891104e-03
1151.980000   2.861801e-03
1151.500000   2.741215e-03
1151.020000   2.721234e-03
1150.540000   2.746490e-03
1150.050000   2.717091e-03
1149.570000   2.635309e-03
1149.090000   2.702543e-03
1148.610000   2.795623e-03
1148.120000   2.787679e-03
1147.640000   2.806840e-03
1147.160000   2.866439e-03
1146.680000   2.954093e-03
1146.200000   3.004153e-03
1145.710000   3.073799e-03
1145.230000   3.161901e-03
1144.750000   3.306470e-03
1144.270000   3.483314e-03
1143.790000   3.614305e-03
1143.300000   3.770461e-03
1142.820000   4.031304e-03
1142.340000   4.276153e-03
1141.860000   4.443528e-03
1141.370000   4.656897e-03
1140.890000   4.869185e-03
1140.410000   5.099798e-03
1139.930000   5.375927e-03
1139.450000   5.629143e-03
1138.960000   5.925843e-03
1138.480000   6.216680e-03
1138.000000   6.489274e-03
1137.520000   6.780984e-03
1137.030000   7.166458e-03
1136.550000   7.496870e-03
1136.070000   7.739113e-03
1135.590000   8.124567e-03
1135.110000   8.476497e-03
1134.620000   8.693251e-03
1134.140000   8.988936e-03
1133.660000   9.332208e-03
1133.180000   9.521935e-03
1132.690000   9.803910e-03
1132.210000   1.016224e-02
1131.730000   1.034547e-02
1131.250000   1.053228e-02
1130.770000   1.069560e-02
1130.280000   1.095041e-02
1129.800000   1.121634e-02
1129.320000   1.139695e-02
1128.840000   1.158896e-02
1128.350000   1.175562e-02
1127.870000   1.192130e-02
1127.390000   1.207898e-02
1126.910000   1.218684e-02
1126.430000   1.227796e-02
1125.940000   1.237450e-02
1125.460000   1.243519e-02
1124.980000   1.243722e-02
1124.500000   1.254783e-02
1124.010000   1.267686e-02
1123.530000   1.255329e-02
1123.050000   1.255324e-02
1122.570000   1.264963e-02
1122.090000   1.257489e-02
1121.600000   1.255067e-02
1121.120000   1.252790e-02
1120.640000   1.246260e-02
1120.160000   1.238805e-02
1119.680000   1.231612e-02
1119.190000   1.227868e-02
1118.710000   1.230916e-02
1118.230000   1.229350e-02
1117.750000   1.217353e-02
1117.260000   1.202722e-02
1116.780000   1.172743e-02
1116.300000   1.162914e-02
1115.820000   1.160310e-02
1115.340000   1.137271e-02
1114.850000   1.116849e-02
1114.370000   1.103547e-02
1113.890000   1.088350e-02
1113.410000   1.075454e-02
1112.920000   1.058192e-02
1112.440000   1.045368e-02
1111.960000   1.030819e-02
1111.480000   1.004811e-02
1111.000000   9.844845e-03
1110.510000   9.669400e-03
1110.030000   9.384018e-03
1109.550000   9.023847e-03
1109.070000   8.764512e-03
1108.580000   8.538758e-03
1108.100000   8.303313e-03
1107.620000   8.077352e-03
1107.140000   7.809773e-03
1106.660000   7.551696e-03
1106.170000   7.301600e-03
1105.690000   6.939484e-03
1105.210000   6.645104e-03
1104.730000   6.395430e-03
1104.240000   6.076174e-03
1103.760000   5.796562e-03
1103.280000   5.643237e-03
1102.800000   5.608327e-03
1102.320000   5.233893e-03
1101.830000   4.797858e-03
1101.350000   4.568897e-03
1100.870000   4.336772e-03
1100.390000   4.167453e-03
1099.900000   3.986912e-03
1099.420000   3.756036e-03
1098.940000   3.577096e-03
1098.460000   3.502731e-03
1097.980000   3.263393e-03
1097.490000   3.059783e-03
1097.010000   3.080867e-03
1096.530000   2.979148e-03
1096.050000   2.852735e-03
1095.560000   2.827259e-03
1095.080000   2.675078e-03
1094.600000   2.603323e-03
1094.120000   2.532564e-03
1093.640000   2.426192e-03
1093.150000   2.396806e-03
1092.670000   2.305886e-03
1092.190000   2.331992e-03
1091.710000   2.331125e-03
1091.230000   2.270553e-03
1090.740000   2.292028e-03
1090.260000   2.310399e-03
1089.780000   2.279166e-03
1089.300000   2.347660e-03
1088.810000   2.810779e-03
1088.330000   2.686895e-03
1087.850000   2.256227e-03
1087.370000   2.274935e-03
1086.890000   2.259710e-03
1086.400000   2.225700e-03
1085.920000   2.197286e-03
1085.440000   2.152579e-03
1084.960000   2.121449e-03
1084.470000   2.109123e-03
1083.990000   2.173035e-03
1083.510000   2.216803e-03
1083.030000   2.221967e-03
1082.550000   2.360087e-03
1082.060000   2.519383e-03
1081.580000   2.473815e-03
1081.100000   2.428394e-03
1080.620000   2.438510e-03
1080.130000   2.314490e-03
1079.650000   2.338187e-03
1079.170000   2.518741e-03
1078.690000   2.539472e-03
1078.210000   2.467388e-03
1077.720000   2.507389e-03
1077.240000   2.541698e-03
1076.760000   2.473913e-03
1076.280000   2.380834e-03
1075.790000   2.403850e-03
1075.310000   2.542564e-03
1074.830000   2.654184e-03
1074.350000   2.367290e-03
1073.870000   2.138053e-03
1073.380000   2.204810e-03
1072.900000   2.242785e-03
1072.420000   2.233036e-03
1071.940000   2.070744e-03
1071.450000   1.993665e-03
1070.970000   2.007266e-03
1070.490000   1.941002e-03
1070.010000   1.876995e-03
1069.530000   1.894614e-03
1069.040000   1.913557e-03
1068.560000   1.878888e-03
1068.080000   1.735286e-03
1067.600000   1.723721e-03
1067.110000   1.838328e-03
1066.630000   1.783855e-03
1066.150000   1.800778e-03
1065.670000   1.846997e-03
1065.190000   1.756563e-03
1064.700000   1.703832e-03
1064.220000   1.802840e-03
1063.740000   1.889925e-03
1063.260000   1.828996e-03
1062.780000   1.822623e-03
1062.290000   1.901023e-03
1061.810000   1.928123e-03
1061.330000   1.916469e-03
1060.850000   1.863472e-03
1060.360000   1.933266e-03
1059.880000   2.157312e-03
1059.400000   2.252794e-03
1058.920000   2.306792e-03
1058.440000   2.357166e-03
1057.950000   2.267762e-03
1057.470000   2.392379e-03
1056.990000   2.572922e-03
1056.510000   2.618742e-03
1056.020000   2.774073e-03
1055.540000   2.856306e-03
1055.060000   3.049735e-03
1054.580000   3.209480e-03
1054.100000   3.444771e-03
1053.610000   4.041204e-03
1053.130000   4.349378e-03
1052.650000   4.691729e-03
1052.170000   5.222276e-03
1051.680000   5.784154e-03
1051.200000   6.394795e-03
1050.720000   7.158339e-03
1050.240000   7.967343e-03
1049.760000   8.680102e-03
1049.270000   9.587661e-03
1048.790000   1.071684e-02
1048.310000   1.187969e-02
1047.830000   1.308137e-02
1047.340000   1.434460e-02
1046.860000   1.576698e-02
1046.380000   1.747170e-02
1045.900000   1.900509e-02
1045.420000   2.053028e-02
1044.930000   2.234485e-02
1044.450000   2.420983e-02
1043.970000   2.602390e-02
1043.490000   2.796467e-02
1043.000000   2.993313e-02
1042.520000   3.190549e-02
1042.040000   3.393495e-02
1041.560000   3.598751e-02
1041.080000   3.807577e-02
1040.590000   4.012480e-02
1040.110000   4.227845e-02
1039.630000   4.418319e-02
1039.150000   4.605483e-02
1038.660000   4.819155e-02
1038.180000   5.018199e-02
1037.700000   5.210212e-02
1037.220000   5.401924e-02
1036.740000   5.584387e-02
1036.250000   5.762377e-02
1035.770000   5.944788e-02
1035.290000   6.115250e-02
1034.810000   6.281081e-02
1034.330000   6.442451e-02
1033.840000   6.606489e-02
1033.360000   6.751549e-02
1032.880000   6.937089e-02
1032.400000   7.087538e-02
1031.910000   7.138605e-02
1031.430000   7.243053e-02
1030.950000   7.361372e-02
1030.470000   7.462619e-02
1029.990000   7.553557e-02
1029.500000   7.629162e-02
1029.020000   7.703959e-02
1028.540000   7.769345e-02
1028.060000   7.812321e-02
1027.570000   7.859595e-02
1027.090000   7.908070e-02
1026.610000   7.940655e-02
1026.130000   7.960160e-02
1025.650000   7.973135e-02
1025.160000   7.995667e-02
1024.680000   7.983780e-02
1024.200000   7.952834e-02
1023.720000   7.932827e-02
1023.230000   7.893417e-02
1022.750000   7.848960e-02
1022.270000   7.806881e-02
1021.790000   7.746533e-02
1021.310000   7.678104e-02
1020.820000   7.601783e-02
1020.340000   7.519124e-02
1019.860000   7.439704e-02
1019.380000   7.351514e-02
1018.890000   7.274502e-02
1018.410000   7.181961e-02
1017.930000   7.051330e-02
1017.450000   6.928959e-02
1016.970000   6.811657e-02
1016.480000   6.696133e-02
1016.000000   6.569560e-02
1015.520000   6.443308e-02
1015.040000   6.317745e-02
1014.550000   6.178559e-02
1014.070000   6.041775e-02
1013.590000   5.915871e-02
1013.110000   5.780797e-02
1012.630000   5.637402e-02
1012.140000   5.501665e-02
1011.660000   5.368950e-02
1011.180000   5.206614e-02
1010.700000   5.045708e-02
1010.210000   4.905340e-02
1009.730000   4.755333e-02
1009.250000   4.603776e-02
1008.770000   4.452109e-02
1008.290000   4.293561e-02
1007.800000   4.131631e-02
1007.320000   3.976673e-02
1006.840000   3.812984e-02
1006.360000   3.644835e-02
1005.880000   3.487846e-02
1005.390000   3.332264e-02
1004.910000   3.177114e-02
1004.430000   3.027324e-02
1003.950000   2.867674e-02
1003.460000   2.698781e-02
1002.980000   2.531409e-02
1002.500000   2.385188e-02
1002.020000   2.246626e-02
1001.540000   2.104744e-02
1001.050000   1.967519e-02
1000.570000   1.824937e-02
1000.090000   1.693774e-02
999.607000    1.585174e-02
999.124000    1.467054e-02
998.642000    1.344933e-02
998.160000    1.249701e-02
997.678000    1.146302e-02
997.195000    1.036537e-02
996.713000    9.741065e-03
996.231000    8.998845e-03
995.749000    8.123622e-03
995.267000    7.448966e-03
994.784000    6.754424e-03
994.302000    6.080431e-03
993.820000    5.455024e-03
993.338000    4.948891e-03
992.856000    4.458966e-03
992.373000    4.056699e-03
991.891000    3.775501e-03
991.409000    3.414590e-03
990.927000    3.058556e-03
990.445000    2.787459e-03
989.962000    2.586157e-03
989.480000    2.378204e-03
988.998000    2.198458e-03
988.516000    2.001679e-03
988.034000    1.725497e-03
987.551000    1.565379e-03
987.069000    1.502161e-03
986.587000    1.492000e-03
986.105000    1.460347e-03
985.623000    1.315110e-03
985.140000    1.204197e-03
984.658000    1.120765e-03
984.176000    1.113099e-03
983.694000    1.094050e-03
983.212000    1.014269e-03
982.729000    1.107562e-03
982.247000    9.655141e-04
981.765000    8.075037e-04
981.283000    7.502705e-04
980.801000    7.088444e-04
980.318000    7.578927e-04
979.836000    7.215708e-04
979.354000    6.702761e-04
978.872000    6.344184e-04
978.390000    6.501279e-04
977.907000    6.390119e-04
977.425000    5.991357e-04
976.943000    7.070767e-04
976.461000    5.771549e-04
975.979000    4.055302e-04
975.496000    5.906800e-04
975.014000    5.743597e-04
974.532000    5.397566e-04
974.050000    6.562908e-04
973.568000    6.302421e-04
973.085000    6.094280e-04
972.603000    6.866438e-04
972.121000    6.898968e-04
971.639000    6.578671e-04
971.157000    6.500147e-04
970.674000    6.675168e-04
970.192000    6.319788e-04
969.710000    5.657682e-04
969.228000    6.790549e-04
968.746000    7.985588e-04
968.263000    7.367574e-04
967.781000    7.345959e-04
967.299000    7.503118e-04
966.817000    8.329551e-04
966.335000    9.421957e-04
965.852000    9.677208e-04
965.370000    9.529361e-04
964.888000    8.722787e-04
964.406000    7.902688e-04
963.924000    8.147262e-04
963.441000    8.988182e-04
962.959000    9.811904e-04
962.477000    8.868900e-04
961.995000    7.241570e-04
961.513000    7.496014e-04
961.030000    7.650105e-04
960.548000    8.591098e-04
960.066000    9.614066e-04
959.584000    9.603709e-04
959.102000    1.019753e-03
958.619000    1.093229e-03
958.137000    1.007136e-03
957.655000    9.786898e-04
957.173000    1.060811e-03
956.690000    1.050448e-03
956.208000    1.058875e-03
955.726000    1.170389e-03
955.244000    1.271431e-03
954.762000    1.309850e-03
954.279000    1.293534e-03
953.797000    1.272409e-03
953.315000    1.324911e-03
952.833000    1.350320e-03
952.351000    1.358798e-03
951.868000    1.381950e-03
951.386000    1.340202e-03
950.904000    1.344982e-03
950.422000    1.439380e-03
949.940000    1.489476e-03
949.457000    1.463466e-03
948.975000    1.433786e-03
948.493000    1.437105e-03
948.011000    1.480621e-03
947.529000    1.508895e-03
947.046000    1.604434e-03
946.564000    1.633693e-03
946.082000    1.577330e-03
945.600000    1.649105e-03
945.118000    1.735877e-03
944.635000    1.697114e-03
944.153000    1.751913e-03
943.671000    1.801188e-03
943.189000    1.762662e-03
942.707000    1.802743e-03
942.224000    1.827930e-03
941.742000    1.852617e-03
941.260000    1.906462e-03
940.778000    1.995015e-03
940.296000    1.942935e-03
939.813000    1.946931e-03
939.331000    1.976697e-03
938.849000    1.942161e-03
938.367000    1.973994e-03
937.885000    2.032464e-03
937.402000    2.165159e-03
936.920000    2.175715e-03
936.438000    2.170509e-03
935.956000    2.148020e-03
935.474000    2.156920e-03
934.991000    2.124195e-03
934.509000    2.265021e-03
934.027000    2.516185e-03
933.545000    2.385197e-03
933.062000    2.304283e-03
932.580000    2.363281e-03
932.098000    2.418537e-03
931.616000    2.429331e-03
931.134000    2.448913e-03
930.651000    2.487081e-03
930.169000    2.494999e-03
929.687000    2.554125e-03
929.205000    2.648890e-03
928.723000    2.603213e-03
928.240000    2.641810e-03
927.758000    2.728289e-03
927.276000    2.902476e-03
926.794000    3.024652e-03
926.312000    2.856675e-03
925.829000    2.817964e-03
925.347000    2.838044e-03
924.865000    2.886392e-03
924.383000    3.013829e-03
923.901000    2.962734e-03
923.418000    2.952573e-03
922.936000    3.109194e-03
922.454000    3.155572e-03
921.972000    3.174386e-03
921.490000    3.152891e-03
921.007000    3.180753e-03
920.525000    3.295306e-03
920.043000    3.265382e-03
919.561000    3.239347e-03
919.079000    3.228107e-03
918.596000    3.311374e-03
918.114000    3.384818e-03
917.632000    3.356009e-03
917.150000    3.481603e-03
916.668000    3.527501e-03
916.185000    3.465131e-03
915.703000    3.486451e-03
915.221000    3.528756e-03
914.739000    3.551615e-03
914.257000    3.657017e-03
913.774000    3.710043e-03
913.292000    3.892067e-03
912.810000    3.769033e-03
912.328000    3.570505e-03
911.846000    3.578700e-03
911.363000    3.553081e-03
910.881000    3.692064e-03
910.399000    3.772261e-03
909.917000    3.899961e-03
909.435000    3.974175e-03
908.952000    4.041053e-03
908.470000    4.063442e-03
907.988000    3.982517e-03
907.506000    3.945810e-03
907.024000    4.137130e-03
906.541000    3.778961e-03
906.059000    3.388123e-03
905.577000    3.926257e-03
905.095000    4.241711e-03
904.613000    4.342612e-03
904.130000    4.420887e-03
903.648000    4.404626e-03
903.166000    4.462684e-03
902.684000    4.540960e-03
902.202000    4.608110e-03
901.719000    4.627907e-03
901.237000    4.704305e-03
900.755000    4.832963e-03
900.273000    4.827910e-03
899.791000    4.735775e-03
899.308000    4.798997e-03
898.826000    4.823840e-03
898.344000    4.868313e-03
897.862000    4.964074e-03
897.380000    4.960455e-03
896.897000    5.072362e-03
896.415000    5.204151e-03
895.933000    5.256869e-03
895.451000    5.219716e-03
894.969000    5.215382e-03
894.486000    5.333294e-03
894.004000    5.467849e-03
893.522000    5.439193e-03
893.040000    5.343086e-03
892.557000    4.984925e-03
892.075000    4.952326e-03
891.593000    5.526897e-03
891.111000    5.698387e-03
890.629000    5.619827e-03
890.146000    5.554032e-03
889.664000    5.643540e-03
889.182000    5.790848e-03
888.700000    5.766324e-03
888.218000    5.740181e-03
887.735000    5.764623e-03
887.253000    5.796318e-03
886.771000    5.804942e-03
886.289000    5.776236e-03
885.807000    5.839750e-03
885.324000    5.944459e-03
884.842000    5.948972e-03
884.360000    5.926854e-03
883.878000    5.921715e-03
883.396000    5.973406e-03
882.913000    6.015443e-03
882.431000    6.061444e-03
881.949000    6.034284e-03
881.467000    6.069043e-03
880.985000    6.132682e-03
880.502000    6.130368e-03
880.020000    6.256237e-03
879.538000    6.326145e-03
879.056000    6.208103e-03
878.574000    6.118041e-03
878.091000    6.236195e-03
877.609000    6.457323e-03
877.127000    6.498540e-03
876.645000    6.562427e-03
876.163000    6.846454e-03
875.680000    6.674748e-03
875.198000    6.505304e-03
874.716000    6.861141e-03
874.234000    6.974848e-03
873.752000    6.969844e-03
873.269000    7.061048e-03
872.787000    7.045724e-03
872.305000    6.982721e-03
871.823000    7.018617e-03
871.341000    7.287404e-03
870.858000    7.610288e-03
870.376000    7.420775e-03
869.894000    7.312442e-03
869.412000    7.572909e-03
868.930000    7.732016e-03
868.447000    8.553961e-03
867.965000    7.802678e-03
867.483000    6.664336e-03
867.001000    7.106805e-03
866.519000    7.265133e-03
866.036000    7.331559e-03
865.554000    7.364228e-03
865.072000    7.393498e-03
864.590000    7.217058e-03
864.108000    7.642738e-03
863.625000    8.172875e-03
863.143000    8.225037e-03
862.661000    8.324868e-03
862.179000    8.945650e-03
861.697000    1.072875e-02
861.214000    9.767143e-03
860.732000    8.106757e-03
860.250000    8.073831e-03
859.768000    8.039036e-03
859.286000    8.234461e-03
858.803000    8.176124e-03
858.321000    8.116621e-03
857.839000    8.125628e-03
857.357000    8.266477e-03
856.874000    8.109502e-03
856.392000    8.012072e-03
855.910000    8.206303e-03
855.428000    8.455554e-03
854.946000    8.452416e-03
854.463000    8.259866e-03
853.981000    8.606320e-03
853.499000    8.911315e-03
853.017000    8.711850e-03
852.535000    8.623107e-03
852.052000    8.652031e-03
851.570000    8.732670e-03
851.088000    8.679580e-03
850.606000    8.721911e-03
850.124000    8.772713e-03
849.641000    8.782772e-03
849.159000    8.790876e-03
848.677000    8.794212e-03
848.195000    8.924048e-03
847.713000    9.037576e-03
847.230000    8.941772e-03
846.748000    8.897392e-03
846.266000    8.955383e-03
845.784000    8.934696e-03
845.302000    9.029500e-03
844.819000    9.113813e-03
844.337000    9.075469e-03
843.855000    9.201138e-03
843.373000    9.354888e-03
842.891000    9.259169e-03
842.408000    9.106318e-03
841.926000    9.182213e-03
841.444000    9.269769e-03
840.962000    9.267006e-03
840.480000    9.449155e-03
839.997000    9.524053e-03
839.515000    9.502985e-03
839.033000    9.633249e-03
838.551000    9.543095e-03
838.069000    9.522482e-03
837.586000    9.603188e-03
837.104000    9.549760e-03
836.622000    9.577243e-03
836.140000    9.551857e-03
835.658000    9.710104e-03
835.175000    9.841700e-03
834.693000    9.758900e-03
834.211000    9.783693e-03
833.729000    9.856748e-03
833.247000    9.873714e-03
832.764000    9.882300e-03
832.282000    1.004235e-02
831.800000    1.009961e-02
831.318000    1.004534e-02
830.836000    1.016804e-02
830.353000    1.022236e-02
829.871000    1.015960e-02
829.389000    1.009940e-02
828.907000    1.012394e-02
828.424000    1.009336e-02
827.942000    1.009943e-02
827.460000    1.025750e-02
826.978000    1.030794e-02
826.496000    1.029910e-02
826.013000    1.035079e-02
825.531000    1.040560e-02
825.049000    1.037157e-02
824.567000    1.038878e-02
824.085000    1.037579e-02
823.602000    1.027965e-02
823.120000    1.042860e-02
822.638000    1.054785e-02
822.156000    1.039981e-02
821.674000    1.046129e-02
821.191000    1.066664e-02
820.709000    1.070498e-02
820.227000    1.066728e-02
819.745000    1.064096e-02
819.263000    1.069462e-02
818.780000    1.072557e-02
818.298000    1.063417e-02
817.816000    1.068836e-02
817.334000    1.082558e-02
816.852000    1.088268e-02
816.369000    1.097422e-02
815.887000    1.092190e-02
815.405000    1.092191e-02
814.923000    1.099292e-02
814.441000    1.097500e-02
813.958000    1.096386e-02
813.476000    1.096612e-02
812.994000    1.090117e-02
812.512000    1.079058e-02
812.030000    1.080515e-02
811.547000    1.091195e-02
811.065000    1.100421e-02
810.583000    1.100482e-02
810.101000    1.100132e-02
809.619000    1.098809e-02
809.136000    1.105085e-02
808.654000    1.108185e-02
808.172000    1.106027e-02
807.690000    1.109143e-02
807.208000    1.105467e-02
806.725000    1.108518e-02
806.243000    1.101564e-02
805.761000    1.100588e-02
805.279000    1.118692e-02
804.797000    1.118923e-02
804.314000    1.111985e-02
803.832000    1.127124e-02
803.350000    1.144692e-02
802.868000    1.138942e-02
802.386000    1.137183e-02
801.903000    1.143711e-02
801.421000    1.150713e-02
800.939000    1.147505e-02
800.457000    1.149087e-02
799.975000    1.153010e-02
799.492000    1.146660e-02
799.010000    1.147084e-02
798.528000    1.146408e-02
798.046000    1.154653e-02
797.564000    1.161617e-02
797.081000    1.149861e-02
796.599000    1.145817e-02
796.117000    1.160873e-02
795.635000    1.170770e-02
795.153000    1.161497e-02
794.670000    1.150723e-02
794.188000    1.155951e-02
793.706000    1.165120e-02
793.224000    1.166999e-02
792.742000    1.167499e-02
792.259000    1.169467e-02
791.777000    1.171438e-02
791.295000    1.167849e-02
790.813000    1.152981e-02
790.331000    1.157683e-02
789.848000    1.170874e-02
789.366000    1.165247e-02
788.884000    1.154451e-02
788.402000    1.164166e-02
787.919000    1.181519e-02
787.437000    1.188404e-02
786.955000    1.190971e-02
786.473000    1.185907e-02
785.991000    1.175695e-02
785.508000    1.174050e-02
785.026000    1.165659e-02
784.544000    1.161358e-02
784.062000    1.162298e-02
783.580000    1.147688e-02
783.097000    1.147276e-02
782.615000    1.152338e-02
782.133000    1.161140e-02
781.651000    1.168082e-02
781.169000    1.160976e-02
780.686000    1.170337e-02
780.204000    1.175132e-02
779.722000    1.158267e-02
779.240000    1.159862e-02
778.758000    1.164359e-02
778.275000    1.158434e-02
777.793000    1.163641e-02
777.311000    1.181810e-02
776.829000    1.179878e-02
776.347000    1.162138e-02
775.864000    1.170446e-02
775.382000    1.184427e-02
774.900000    1.187229e-02
774.418000    1.175691e-02
773.936000    1.163934e-02
773.453000    1.164005e-02
772.971000    1.174920e-02
772.489000    1.166495e-02
772.007000    1.140661e-02
771.525000    1.147357e-02
771.042000    1.163962e-02
770.560000    1.167440e-02
770.078000    1.161829e-02
769.596000    1.165268e-02
769.114000    1.174628e-02
768.631000    1.170507e-02
768.149000    1.178568e-02
767.667000    1.191931e-02
767.185000    1.193134e-02
766.703000    1.189548e-02
766.220000    1.184890e-02
765.738000    1.170266e-02
765.256000    1.159402e-02
764.774000    1.157209e-02
764.292000    1.160357e-02
763.809000    1.180223e-02
763.327000    1.187862e-02
762.845000    1.173622e-02
762.363000    1.159463e-02
761.880000    1.166803e-02
761.398000    1.177936e-02
760.916000    1.173499e-02
760.434000    1.167813e-02
759.952000    1.176879e-02
759.469000    1.181632e-02
758.987000    1.171949e-02
758.505000    1.163047e-02
758.023000    1.153206e-02
757.541000    1.151775e-02
757.058000    1.151603e-02
756.576000    1.148404e-02
756.094000    1.152456e-02
755.612000    1.156639e-02
755.130000    1.158293e-02
754.647000    1.154706e-02
754.165000    1.160171e-02
753.683000    1.159538e-02
753.201000    1.143196e-02
752.719000    1.150224e-02
752.236000    1.164701e-02
751.754000    1.112462e-02
751.272000    1.076103e-02
750.790000    1.110685e-02
750.308000    1.128778e-02
749.825000    1.131090e-02
749.343000    1.118105e-02
748.861000    1.118621e-02
748.379000    1.137449e-02
747.897000    1.136297e-02
747.414000    1.124354e-02
746.932000    1.128024e-02
746.450000    1.129325e-02
745.968000    1.119867e-02
745.486000    1.118050e-02
745.003000    1.126002e-02
744.521000    1.149057e-02
744.039000    1.147074e-02
743.557000    1.134581e-02
743.075000    1.135629e-02
742.592000    1.130497e-02
742.110000    1.130157e-02
741.628000    1.130839e-02
741.146000    1.133761e-02
740.664000    1.130055e-02
740.181000    1.116848e-02
739.699000    1.110074e-02
739.217000    1.113111e-02
738.735000    1.113739e-02
738.253000    1.103058e-02
737.770000    1.059457e-02
737.288000    1.057478e-02
736.806000    1.100051e-02
736.324000    1.102115e-02
735.842000    1.093070e-02
735.359000    1.092124e-02
734.877000    1.091961e-02
734.395000    1.084320e-02
733.913000    1.081440e-02
733.431000    1.091910e-02
732.948000    1.097961e-02
732.466000    1.091384e-02
731.984000    1.080829e-02
731.502000    1.075874e-02
731.020000    1.078351e-02
730.537000    1.058428e-02
730.055000    1.033107e-02
729.573000    1.049588e-02
729.091000    1.046530e-02
728.609000    1.041083e-02
728.126000    1.057596e-02
727.644000    1.053102e-02
727.162000    1.040709e-02
726.680000    1.035897e-02
726.198000    1.042007e-02
725.715000    1.054946e-02
725.233000    1.051319e-02
724.751000    1.043732e-02
724.269000    1.034947e-02
723.786000    1.034932e-02
723.304000    1.046440e-02
722.822000    1.038179e-02
722.340000    1.032829e-02
721.858000    1.038871e-02
721.375000    1.026553e-02
720.893000    1.014797e-02
720.411000    1.024263e-02
719.929000    1.035371e-02
719.447000    1.028200e-02
718.964000    1.024558e-02
718.482000    1.033230e-02
718.000000    1.028313e-02
717.518000    9.910581e-03
717.036000    9.923443e-03
716.553000    9.910100e-03
716.071000    1.012719e-02
715.589000    1.048790e-02
715.107000    1.038672e-02
714.625000    1.045025e-02
714.142000    1.039979e-02
713.660000    1.021915e-02
713.178000    1.017744e-02
712.696000    1.028823e-02
712.214000    1.027985e-02
711.731000    1.004185e-02
711.249000    1.013170e-02
710.767000    1.011926e-02
710.285000    1.011123e-02
709.803000    9.895126e-03
709.320000    9.581315e-03
708.838000    9.589139e-03
708.356000    9.661379e-03
707.874000    9.558135e-03
707.392000    9.621908e-03
706.909000    9.628078e-03
706.427000    9.597084e-03
705.945000    9.168147e-03
705.463000    9.677446e-03
704.981000    9.573902e-03
704.498000    9.075167e-03
704.016000    9.132157e-03
703.534000    1.028435e-02
703.052000    8.568559e-03
702.570000    1.292372e-02
702.087000    2.565556e-02
701.605000    1.935054e-02
701.123000    1.090413e-02
700.641000    1.123505e-02
700.159000    1.025538e-02
699.676000    1.031211e-02
699.194000    9.496772e-03
698.712000    9.148557e-03
698.230000    9.367359e-03
697.748000    9.315180e-03
697.265000    9.077501e-03
696.783000    9.069159e-03
696.301000    8.868236e-03
695.819000    9.102331e-03
695.337000    8.803025e-03
694.854000    8.350180e-03
694.372000    8.450742e-03
693.890000    8.627524e-03
693.408000    8.727314e-03
692.925000    8.658536e-03
692.443000    8.565446e-03
691.961000    8.736865e-03
691.479000    8.719704e-03
690.997000    8.478342e-03
690.514000    8.340253e-03
690.032000    8.545591e-03
689.550000    8.490880e-03
689.068000    8.251479e-03
688.586000    8.081518e-03
688.103000    8.511210e-03
687.621000    8.664370e-03
687.139000    8.329711e-03
686.657000    8.321443e-03
686.175000    8.426835e-03
685.692000    8.386502e-03
685.210000    8.252737e-03
684.728000    8.298502e-03
684.246000    8.330650e-03
683.764000    8.212339e-03
683.281000    8.114572e-03
682.799000    8.062684e-03
682.317000    8.185758e-03
681.835000    7.997954e-03
681.353000    7.772962e-03
680.870000    7.986265e-03
680.388000    8.006417e-03
679.906000    7.787832e-03
679.424000    7.775959e-03
678.942000    8.015989e-03
678.459000    8.108625e-03
677.977000    7.921851e-03
677.495000    7.933170e-03
677.013000    8.244621e-03
676.531000    8.366926e-03
676.048000    8.361918e-03
675.566000    8.573460e-03
675.084000    8.828846e-03
674.602000    8.903975e-03
674.120000    9.058628e-03
673.637000    9.763190e-03
673.155000    1.051089e-02
672.673000    1.112522e-02
672.191000    1.204407e-02
671.709000    1.335824e-02
671.226000    1.511622e-02
670.744000    1.718165e-02
670.262000    1.949670e-02
669.780000    2.251637e-02
669.298000    2.598917e-02
668.815000    2.951338e-02
668.333000    3.312583e-02
667.851000    3.717920e-02
667.369000    4.155351e-02
666.887000    4.568823e-02
666.404000    4.964017e-02
665.922000    5.385605e-02
665.440000    5.800645e-02
664.958000    6.184729e-02
664.476000    6.628824e-02
663.993000    7.063171e-02
663.511000    7.447023e-02
663.029000    7.799097e-02
662.547000    8.122683e-02
662.065000    8.432282e-02
661.582000    8.697323e-02
661.100000    8.903878e-02
660.618000    9.067265e-02
660.136000    9.191836e-02
659.654000    9.283739e-02
659.171000    9.350733e-02
658.689000    9.394712e-02
658.207000    9.419274e-02
657.725000    9.401408e-02
657.242000    9.333854e-02
656.760000    9.235564e-02
656.278000    9.121107e-02
655.796000    8.953303e-02
655.314000    8.756772e-02
654.831000    8.576373e-02
654.349000    8.405238e-02
653.867000    8.249855e-02
653.385000    8.105456e-02
652.903000    7.990750e-02
652.420000    7.957385e-02
651.938000    7.958135e-02
651.456000    7.942768e-02
650.974000    7.944364e-02
650.492000    7.970533e-02
650.009000    7.996134e-02
649.527000    8.000449e-02
649.045000    7.982628e-02
648.563000    7.967409e-02
648.081000    7.922484e-02
647.598000    7.859191e-02
647.116000    7.785512e-02
646.634000    7.694156e-02
646.152000    7.564534e-02
645.670000    7.415794e-02
645.187000    7.285687e-02
644.705000    7.139064e-02
644.223000    6.953705e-02
643.741000    6.752089e-02
643.259000    6.546906e-02
642.776000    6.343605e-02
642.294000    6.138829e-02
641.812000    5.925737e-02
641.330000    5.734387e-02
640.848000    5.527742e-02
640.365000    5.289278e-02
639.883000    5.060549e-02
639.401000    4.831913e-02
638.919000    4.656961e-02
638.437000    4.490783e-02
637.954000    4.281977e-02
637.472000    4.106195e-02
636.990000    3.937787e-02
636.508000    3.744423e-02
636.026000    3.581332e-02
635.543000    3.463604e-02
635.061000    3.322340e-02
634.579000    3.169100e-02
634.097000    3.049364e-02
633.615000    2.947142e-02
633.132000    2.824362e-02
632.650000    2.710877e-02
632.168000    2.629755e-02
631.686000    2.563088e-02
631.204000    2.479234e-02
630.721000    2.378343e-02
630.239000    2.316647e-02
629.757000    2.264154e-02
629.275000    2.186446e-02
628.793000    2.109541e-02
628.310000    2.040089e-02
627.828000    1.994832e-02
627.346000    1.946479e-02
626.864000    1.880620e-02
626.382000    1.844535e-02
625.899000    1.792773e-02
625.417000    1.735116e-02
624.935000    1.699474e-02
624.453000    1.668295e-02
623.971000    1.623100e-02
623.488000    1.559818e-02
623.006000    1.518772e-02
622.524000    1.502279e-02
622.042000    1.497491e-02
621.560000    1.456497e-02
621.077000    1.399716e-02
620.595000    1.368390e-02
620.113000    1.344189e-02
619.631000    1.303241e-02
619.148000    1.250118e-02
618.666000    1.239169e-02
618.184000    1.224255e-02
617.702000    1.191765e-02
617.220000    1.174929e-02
616.737000    1.169737e-02
616.255000    1.171140e-02
615.773000    1.131998e-02
615.291000    1.105360e-02
614.809000    1.105997e-02
614.326000    1.088337e-02
613.844000    1.050133e-02
613.362000    1.023773e-02
612.880000    1.025408e-02
612.398000    1.010707e-02
611.915000    9.690801e-03
611.433000    9.454487e-03
610.951000    9.755219e-03
610.469000    9.770799e-03
609.987000    9.381025e-03
609.504000    9.166693e-03
609.022000    9.188314e-03
608.540000    9.167984e-03
608.058000    8.949901e-03
607.576000    8.875467e-03
607.093000    8.748275e-03
606.611000    8.495638e-03
606.129000    8.317750e-03
605.647000    8.356611e-03
605.165000    8.381622e-03
604.682000    8.109877e-03
604.200000    7.826958e-03
603.718000    8.088549e-03
603.236000    8.323360e-03
602.754000    7.984422e-03
602.271000    7.733310e-03
601.789000    7.810045e-03
601.307000    7.743071e-03
600.825000    7.512228e-03
600.343000    7.242798e-03
599.860000    7.090956e-03
599.378000    7.085360e-03
598.896000    6.841628e-03
598.414000    6.678179e-03
597.932000    6.565142e-03
597.449000    6.282476e-03
596.967000    6.406998e-03
596.485000    6.494463e-03
596.003000    6.322153e-03
595.521000    6.301938e-03
595.038000    6.159874e-03
594.556000    5.982429e-03
594.074000    5.968890e-03
593.592000    5.949266e-03
593.109000    5.720546e-03
592.627000    5.567605e-03
592.145000    5.677380e-03
591.663000    5.758242e-03
591.181000    5.550082e-03
590.698000    5.325367e-03
590.216000    5.514822e-03
589.734000    5.553614e-03
589.252000    5.095436e-03
588.770000    5.114546e-03
588.287000    5.247983e-03
587.805000    5.104621e-03
587.323000    4.873378e-03
586.841000    4.739036e-03
586.359000    4.896823e-03
585.876000    4.833710e-03
585.394000    4.551919e-03
584.912000    4.630009e-03
584.430000    4.762140e-03
583.948000    4.452962e-03
583.465000    4.274307e-03
582.983000    4.692993e-03
582.501000    4.807643e-03
582.019000    4.508065e-03
581.537000    4.362811e-03
581.054000    4.491640e-03
580.572000    4.516683e-03
580.090000    4.252770e-03
579.608000    4.157771e-03
579.126000    4.347057e-03
578.643000    4.563769e-03
578.161000    4.245936e-03
577.679000    4.111808e-03
577.197000    4.329717e-03
576.715000    4.387212e-03
576.232000    4.464305e-03
575.750000    3.776974e-03
575.268000    3.532740e-03
574.786000    3.955914e-03
574.304000    3.693125e-03
573.821000    3.345798e-03
573.339000    3.434707e-03
572.857000    3.693205e-03
572.375000    3.451713e-03
571.893000    3.454500e-03
571.410000    3.698311e-03
570.928000    3.473969e-03
570.446000    3.181828e-03
569.964000    3.293248e-03
569.482000    3.481099e-03
568.999000    3.302557e-03
568.517000    3.052903e-03
568.035000    3.067651e-03
567.553000    3.243612e-03
567.071000    3.252957e-03
566.588000    3.023190e-03
566.106000    2.839902e-03
565.624000    2.977169e-03
565.142000    2.984771e-03
564.660000    2.790838e-03
564.177000    2.763536e-03
563.695000    2.799864e-03
563.213000    2.674659e-03
562.731000    2.518321e-03
562.249000    2.257099e-03
561.766000    1.784611e-03
561.284000    2.102085e-03
560.802000    2.341188e-03
560.320000    2.205758e-03
559.838000    2.362738e-03
559.355000    2.385214e-03
558.873000    2.277604e-03
558.391000    2.140333e-03
557.909000    2.177243e-03
557.427000    2.055904e-03
556.944000    2.032404e-03
556.462000    2.320678e-03
555.980000    2.218235e-03
555.498000    1.872834e-03
555.016000    2.071596e-03
554.533000    2.399611e-03
554.051000    2.330630e-03
553.569000    2.010334e-03
553.087000    1.933453e-03
552.604000    2.150626e-03
552.122000    2.071546e-03
551.640000    1.933631e-03
551.158000    1.845483e-03
550.676000    1.792452e-03
550.193000    1.862579e-03
549.711000    1.777473e-03
549.229000    1.498765e-03
548.747000    1.433556e-03
548.265000    1.439386e-03
547.782000    1.979506e-03
547.300000    2.553186e-03
546.818000    2.223156e-03
546.336000    1.868246e-03
545.854000    1.620978e-03
545.371000    1.744134e-03
544.889000    1.944071e-03
544.407000    1.800240e-03
543.925000    1.656342e-03
543.443000    1.797437e-03
542.960000    2.167980e-03
542.478000    1.977685e-03
541.996000    1.424895e-03
541.514000    1.680780e-03
541.032000    1.844261e-03
540.549000    1.461483e-03
540.067000    1.329757e-03
539.585000    1.423300e-03
539.103000    1.497840e-03
538.621000    1.303798e-03
538.138000    1.166841e-03
537.656000    1.296038e-03
537.174000    1.546705e-03
536.692000    1.064183e-03
536.210000    7.598916e-04
535.727000    1.425208e-03
535.245000    1.403060e-03
534.763000    1.087184e-03
534.281000    8.078721e-04
533.799000    1.342293e-03
533.316000    1.959216e-03
532.834000    1.411826e-03
532.352000    1.133181e-03
531.870000    1.289531e-03
531.388000    1.237408e-03
530.905000    9.421098e-04
530.423000    9.025507e-04
529.941000    9.863294e-04
529.459000    1.063946e-03
528.977000    8.830222e-04
528.494000    7.226870e-04
528.012000    1.087362e-03
527.530000    1.126958e-03
527.048000    3.788555e-04
526.565000    3.573046e-04
526.083000    8.356657e-04
525.601000    8.871297e-04
525.119000    6.851669e-04
524.637000    5.898481e-04
524.154000    7.924455e-04
523.672000    8.161565e-04
523.190000    5.181032e-04
522.708000    7.447461e-04
522.226000    9.879659e-04
521.743000    5.406059e-04
521.261000    2.746514e-04
520.779000    3.701156e-04
520.297000    4.158089e-04
519.815000    4.972522e-04
519.332000    4.893899e-04
518.850000    6.391549e-04
518.368000    8.892415e-04
517.886000    7.055205e-04
517.404000    3.685524e-04
516.921000    1.331932e-04
516.439000    2.811030e-04
515.957000    3.777577e-04
515.475000    3.206879e-04
514.993000    3.215841e-04
514.510000    2.914637e-04
514.028000    2.332643e-04
513.546000    2.330529e-04
513.064000    1.822703e-04
512.582000    7.400693e-05
512.099000    -6.560844e-05
511.617000    -1.681408e-04
511.135000    4.532811e-05
510.653000    2.058291e-04
510.171000    2.015268e-05
509.688000    -8.265098e-05
509.206000    1.505203e-04
508.724000    2.807164e-04
508.242000    2.429779e-04
507.760000    1.984654e-04
507.277000    2.891406e-04
506.795000    2.929428e-04
506.313000    3.847632e-04
505.831000    1.030553e-03
505.349000    8.490916e-04
504.866000    2.650432e-04
504.384000    -1.171000e-04
503.902000    -7.000347e-05
503.420000    5.559416e-04
502.938000    4.780700e-04
502.455000    -7.973888e-05
501.973000    -4.004743e-05
501.491000    2.933765e-04
501.009000    4.463574e-05
500.527000    1.586820e-04
500.044000    5.372711e-04
499.562000    9.485339e-04
499.080000    -2.621799e-04
498.598000    -2.061092e-03
498.116000    -1.256736e-03
497.633000    -4.614538e-05
497.151000    1.563200e-04
496.669000    -1.871515e-04
496.187000    -2.182990e-04
495.705000    2.442443e-04
495.222000    2.847276e-04
494.740000    8.588720e-05
494.258000    7.903401e-05
493.776000    2.072138e-04
493.294000    5.092848e-05
492.811000    -1.190932e-04
492.329000    3.408420e-04
491.847000    7.486694e-04
491.365000    -2.818330e-04
490.883000    -1.158527e-03
490.400000    -6.379843e-04
489.918000    -4.503956e-04
489.436000    -8.182575e-04
488.954000    -7.895300e-04
488.471000    -3.622311e-04
487.989000    -1.699778e-04
487.507000    -5.214249e-04
487.025000    -7.235231e-04
486.543000    -3.651667e-04
486.060000    -2.425053e-04
485.578000    -5.857196e-04
485.096000    -8.612103e-04
484.614000    1.024534e-04
484.132000    6.039244e-04
483.649000    -6.418266e-05
483.167000    -4.195069e-04
482.685000    3.873101e-05
482.203000    2.607599e-04
481.721000    1.795288e-04
481.238000    6.369321e-04
480.756000    7.744621e-04
480.274000    8.011590e-04
479.792000    7.712946e-04
479.310000    1.026374e-03
478.827000    1.466672e-03
478.345000    1.418678e-03
477.863000    1.056810e-03
477.381000    -3.945581e-04
476.899000    -4.216000e-04
476.416000    6.401323e-04
475.934000    4.151091e-04
475.452000    7.772247e-04
474.970000    1.390148e-03
474.488000    1.140025e-03
474.005000    6.596709e-04
473.523000    9.358908e-04
473.041000    1.300692e-03
472.559000    1.200868e-03
472.077000    1.148840e-03
471.594000    1.219149e-03
471.112000    1.805311e-03
470.630000    1.141988e-03
470.148000    4.223771e-04
469.666000    6.767144e-04
469.183000    6.593709e-04
468.701000    4.397036e-04
468.219000    2.674851e-04
467.737000    8.361682e-04
467.255000    8.743681e-04
466.772000    3.554187e-04
466.290000    -1.414702e-05
465.808000    3.708875e-04
465.326000    6.694990e-04
464.844000    8.519376e-04
464.361000    5.518176e-04
463.879000    7.510358e-04
463.397000    3.133062e-03
462.915000    2.606095e-03
462.433000    7.422709e-04
461.950000    5.219935e-04
461.468000    5.470788e-04
460.986000    5.814201e-04
460.504000    1.427426e-04
460.022000    4.662340e-05
459.539000    1.472915e-04
459.057000    1.600072e-04
458.575000    -2.355807e-05
458.093000    -3.203160e-04
457.611000    1.460106e-04
457.128000    -4.044068e-04
456.646000    -4.670967e-04
456.164000    1.104656e-03
455.682000    9.280868e-04
455.199000    1.102344e-03
454.717000    1.605625e-03
454.235000    1.453231e-03
453.753000    1.804070e-03
453.271000    1.803059e-03
452.788000    2.190669e-03
452.306000    2.649927e-03
451.824000    2.703421e-03
451.342000    2.950976e-03
450.860000    3.711495e-03
450.377000    3.912485e-03
449.895000    3.915104e-03
449.413000    -1.162660e-03
448.931000    -4.509736e-03
448.449000    -9.961815e-04
447.966000    3.071642e-04
447.484000    1.265788e-03
447.002000    1.687271e-03
446.520000    1.966813e-03
446.038000    1.789295e-03
445.555000    1.854141e-03
445.073000    3.068945e-03
444.591000    3.119488e-03
444.109000    3.129551e-03
443.627000    3.829084e-03
443.144000    3.908650e-03
442.662000    4.005918e-03
442.180000    3.351406e-03
441.698000    3.280098e-03
441.216000    4.375333e-03
440.733000    4.004725e-03
440.251000    3.385444e-03
439.769000    3.048632e-03
439.287000    3.097799e-03
438.805000    2.424398e-03
438.322000    2.637424e-03
437.840000    3.907156e-03
437.358000    4.014070e-03
436.876000    4.017011e-03
436.394000    3.024244e-03
435.911000    4.154383e-03
435.429000    7.963984e-03
434.947000    6.992837e-03
434.465000    4.172986e-03
433.983000    3.746917e-03
433.500000    4.002774e-03
433.018000    3.936366e-03
432.536000    3.770197e-03
432.054000    3.243264e-03
431.572000    3.929891e-03
431.089000    4.034145e-03
430.607000    1.492070e-03
430.125000    1.998750e-03
429.643000    1.928971e-03
429.161000    1.357697e-03
428.678000    1.735022e-03
428.196000    1.612382e-03
427.714000    4.069241e-03
427.232000    3.756265e-03
426.750000    2.376894e-03
426.267000    2.543390e-03
425.785000    2.307115e-03
425.303000    3.075155e-03
424.821000    3.109585e-03
424.339000    2.736712e-03
423.856000    2.820645e-03
423.374000    2.481485e-03
422.892000    3.261242e-03
422.410000    4.305780e-03
421.927000    7.095294e-03
421.445000    2.406193e-02
420.963000    2.024544e-02
420.481000    3.351101e-03
419.999000    3.883182e-03
419.516000    3.893330e-03
419.034000    4.602466e-03
418.552000    4.575894e-03
418.070000    6.133838e-03
417.588000    6.538191e-03
417.105000    4.702989e-03
416.623000    4.572533e-03
416.141000    5.474231e-03
415.659000    7.959250e-03
415.177000    1.114656e-02
414.694000    6.433020e-03
414.212000    4.275140e-03
413.730000    7.027168e-03
413.248000    5.701037e-03
412.766000    5.730559e-03
412.283000    6.829603e-03
411.801000    7.296126e-03
411.319000    6.531653e-03
410.837000    6.663260e-03
410.355000    7.598561e-03
409.872000    5.659303e-03
409.390000    6.101515e-03
408.908000    5.479418e-03
408.426000    5.761600e-03
407.944000    1.171927e-03
407.461000    7.286107e-03
406.979000    2.474710e-02
406.497000    1.771930e-02
406.015000    9.885385e-03
405.533000    9.632293e-03
405.050000    1.106834e-02
404.568000    1.033721e-02
404.086000    6.736136e-03
403.604000    8.073260e-03
403.122000    8.827736e-03
402.639000    9.283192e-03
402.157000    9.403547e-03
401.675000    9.637080e-03
401.193000    6.440302e-03
400.711000    8.065866e-03
400.228000    1.229684e-02
399.746000    1.031424e-02
