4000.099030   6.725000e-02
3998.931920   -4.018680e-06
3997.764820   1.870670e-05
3996.597710   6.602280e-05
3995.430610   2.806720e-04
3994.263500   3.506370e-04
3993.096400   3.904010e-04
3991.929300   4.295370e-04
3990.762190   6.730000e-04
3989.595090   6.777430e-04
3988.427980   6.997780e-04
3987.260880   8.506200e-04
3986.093770   9.844260e-04
3984.926670   8.215860e-04
3983.759560   9.177410e-04
3982.592460   9.974450e-04
3981.425350   8.831440e-04
3980.258250   7.893040e-04
3979.091140   1.010000e-03
3977.924040   1.150000e-03
3976.756930   1.170000e-03
3975.589830   1.290000e-03
3974.422730   1.260000e-03
3973.255620   1.190000e-03
3972.088520   1.300000e-03
3970.921410   1.290000e-03
3969.754310   1.400000e-03
3968.587200   1.480000e-03
3967.420100   1.510000e-03
3966.252990   1.630000e-03
3965.085890   1.540000e-03
3963.918780   1.600000e-03
3962.751680   1.860000e-03
3961.584570   1.800000e-03
3960.417470   1.860000e-03
3959.250360   2.010000e-03
3958.083260   1.970000e-03
3956.916160   1.890000e-03
3955.749050   2.100000e-03
3954.581950   2.070000e-03
3953.414840   2.080000e-03
3952.247740   2.060000e-03
3951.080630   2.150000e-03
3949.913530   2.170000e-03
3948.746420   2.120000e-03
3947.579320   2.230000e-03
3946.412210   2.170000e-03
3945.245110   2.300000e-03
3944.078000   2.150000e-03
3942.910900   2.230000e-03
3941.743790   2.120000e-03
3940.576690   2.180000e-03
3939.409590   2.360000e-03
3938.242480   2.450000e-03
3937.075380   2.590000e-03
3935.908270   2.530000e-03
3934.741170   2.570000e-03
3933.574060   2.650000e-03
3932.406960   2.780000e-03
3931.239850   2.860000e-03
3930.072750   2.910000e-03
3928.905640   3.000000e-03
3927.738540   3.010000e-03
3926.571430   3.140000e-03
3925.404330   2.930000e-03
3924.237220   2.970000e-03
3923.070120   3.000000e-03
3921.903020   2.950000e-03
3920.735910   2.820000e-03
3919.568810   2.820000e-03
3918.401700   2.720000e-03
3917.234600   2.620000e-03
3916.067490   2.710000e-03
3914.900390   2.400000e-03
3913.733280   2.440000e-03
3912.566180   2.480000e-03
3911.399070   2.340000e-03
3910.231970   2.260000e-03
3909.064860   2.250000e-03
3907.897760   2.320000e-03
3906.730650   2.240000e-03
3905.563550   2.390000e-03
3904.396450   2.150000e-03
3903.229340   2.340000e-03
3902.062240   2.320000e-03
3900.895130   2.340000e-03
3899.728030   2.380000e-03
3898.560920   2.310000e-03
3897.393820   2.290000e-03
3896.226710   2.400000e-03
3895.059610   2.400000e-03
3893.892500   2.450000e-03
3892.725400   2.370000e-03
3891.558290   2.470000e-03
3890.391190   2.550000e-03
3889.224080   2.560000e-03
3888.056980   2.560000e-03
3886.889880   2.780000e-03
3885.722770   2.840000e-03
3884.555670   2.890000e-03
3883.388560   2.810000e-03
3882.221460   2.920000e-03
3881.054350   3.010000e-03
3879.887250   3.100000e-03
3878.720140   3.330000e-03
3877.553040   3.310000e-03
3876.385930   3.240000e-03
3875.218830   3.480000e-03
3874.051720   3.530000e-03
3872.884620   3.610000e-03
3871.717510   3.500000e-03
3870.550410   3.580000e-03
3869.383300   3.600000e-03
3868.216200   3.590000e-03
3867.049100   3.390000e-03
3865.881990   3.370000e-03
3864.714890   3.200000e-03
3863.547780   3.250000e-03
3862.380680   2.970000e-03
3861.213570   2.980000e-03
3860.046470   2.800000e-03
3858.879360   2.700000e-03
3857.712260   2.630000e-03
3856.545150   2.650000e-03
3855.378050   2.450000e-03
3854.210940   2.310000e-03
3853.043840   2.450000e-03
3851.876730   2.310000e-03
3850.709630   2.190000e-03
3849.542530   2.110000e-03
3848.375420   2.110000e-03
3847.208320   2.180000e-03
3846.041210   2.180000e-03
3844.874110   1.980000e-03
3843.707000   1.900000e-03
3842.539900   1.980000e-03
3841.372790   1.930000e-03
3840.205690   1.850000e-03
3839.038580   1.850000e-03
3837.871480   1.710000e-03
3836.704370   1.920000e-03
3835.537270   1.690000e-03
3834.370160   1.740000e-03
3833.203060   1.690000e-03
3832.035960   1.670000e-03
3830.868850   1.690000e-03
3829.701750   1.670000e-03
3828.534640   1.640000e-03
3827.367540   1.600000e-03
3826.200430   1.680000e-03
3825.033330   1.610000e-03
3823.866220   1.630000e-03
3822.699120   1.640000e-03
3821.532010   1.520000e-03
3820.364910   1.560000e-03
3819.197800   1.620000e-03
3818.030700   1.480000e-03
3816.863590   1.350000e-03
3815.696490   1.390000e-03
3814.529390   1.410000e-03
3813.362280   1.340000e-03
3812.195180   1.360000e-03
3811.028070   1.330000e-03
3809.860970   1.340000e-03
3808.693860   1.220000e-03
3807.526760   1.230000e-03
3806.359650   1.320000e-03
3805.192550   1.070000e-03
3804.025440   1.090000e-03
3802.858340   1.120000e-03
3801.691230   1.130000e-03
3800.524130   1.080000e-03
3799.357020   1.110000e-03
3798.189920   1.020000e-03
3797.022820   8.884090e-04
3795.855710   9.074370e-04
3794.688610   9.288430e-04
3793.521500   8.629680e-04
3792.354400   8.090780e-04
3791.187290   8.527840e-04
3790.020190   8.312950e-04
3788.853080   8.812820e-04
3787.685980   6.914570e-04
3786.518870   6.783300e-04
3785.351770   7.618800e-04
3784.184660   6.589560e-04
3783.017560   6.730410e-04
3781.850450   5.991430e-04
3780.683350   5.889850e-04
3779.516250   5.901970e-04
3778.349140   5.425720e-04
3777.182040   4.281690e-04
3776.014930   3.287340e-04
3774.847830   3.254330e-04
3773.680720   2.801890e-04
3772.513620   2.224790e-04
3771.346510   2.600870e-04
3770.179410   2.409590e-04
3769.012300   3.172910e-04
3767.845200   1.196690e-04
3766.678090   7.888740e-05
3765.510990   -9.906940e-06
3764.343880   1.500020e-04
3763.176780   9.380670e-05
3762.009680   4.496200e-05
3760.842570   -4.880640e-05
3759.675470   6.132610e-05
3758.508360   9.253380e-05
3757.341260   -2.256030e-05
3756.174150   2.829830e-05
3755.007050   3.710290e-06
3753.839940   3.890040e-05
3752.672840   7.681350e-06
3751.505730   1.280130e-04
3750.338630   -3.507580e-05
3749.171520   -4.085720e-05
3748.004420   3.032560e-06
3746.837310   -1.197930e-04
3745.670210   -2.561570e-06
3744.503100   -1.086460e-04
3743.336000   -1.514970e-05
3742.168900   -1.851910e-04
3741.001790   -1.784780e-05
3739.834690   -1.229980e-04
3738.667580   -1.954760e-04
3737.500480   -1.872070e-04
3736.333370   -2.124480e-04
3735.166270   -2.438230e-04
3733.999160   -2.058070e-04
3732.832060   -4.497150e-04
3731.664950   -3.578060e-04
3730.497850   -4.773330e-04
3729.330740   -4.997720e-04
3728.163640   -7.246210e-04
3726.996530   -7.538730e-04
3725.829430   -6.421600e-04
3724.662330   -6.953510e-04
3723.495220   -9.101600e-04
3722.328120   -1.000000e-03
3721.161010   -1.050000e-03
3719.993910   -1.230000e-03
3718.826800   -1.160000e-03
3717.659700   -1.310000e-03
3716.492590   -1.320000e-03
3715.325490   -1.480000e-03
3714.158380   -1.540000e-03
3712.991280   -1.590000e-03
3711.824170   -1.630000e-03
3710.657070   -1.800000e-03
3709.489960   -1.800000e-03
3708.322860   -1.910000e-03
3707.155760   -2.020000e-03
3705.988650   -2.030000e-03
3704.821550   -2.140000e-03
3703.654440   -2.120000e-03
3702.487340   -2.180000e-03
3701.320230   -2.160000e-03
3700.153130   -2.260000e-03
3698.986020   -2.220000e-03
3697.818920   -2.490000e-03
3696.651810   -2.380000e-03
3695.484710   -2.490000e-03
3694.317600   -2.510000e-03
3693.150500   -2.530000e-03
3691.983390   -2.600000e-03
3690.816290   -2.580000e-03
3689.649190   -2.620000e-03
3688.482080   -2.900000e-03
3687.314980   -2.810000e-03
3686.147870   -2.790000e-03
3684.980770   -2.830000e-03
3683.813660   -2.820000e-03
3682.646560   -2.950000e-03
3681.479450   -2.900000e-03
3680.312350   -3.060000e-03
3679.145240   -2.980000e-03
3677.978140   -3.000000e-03
3676.811030   -3.020000e-03
3675.643930   -3.080000e-03
3674.476820   -3.040000e-03
3673.309720   -3.210000e-03
3672.142620   -3.190000e-03
3670.975510   -3.190000e-03
3669.808410   -3.210000e-03
3668.641300   -3.280000e-03
3667.474200   -3.320000e-03
3666.307090   -3.210000e-03
3665.139990   -3.310000e-03
3663.972880   -3.290000e-03
3662.805780   -3.320000e-03
3661.638670   -3.300000e-03
3660.471570   -3.500000e-03
3659.304460   -3.470000e-03
3658.137360   -3.390000e-03
3656.970250   -3.460000e-03
3655.803150   -3.420000e-03
3654.636050   -3.450000e-03
3653.468940   -3.400000e-03
3652.301840   -3.450000e-03
3651.134730   -3.470000e-03
3649.967630   -3.350000e-03
3648.800520   -3.480000e-03
3647.633420   -3.310000e-03
3646.466310   -3.370000e-03
3645.299210   -3.470000e-03
3644.132100   -3.290000e-03
3642.965000   -3.300000e-03
3641.797890   -3.290000e-03
3640.630790   -3.310000e-03
3639.463680   -3.140000e-03
3638.296580   -3.130000e-03
3637.129480   -3.140000e-03
3635.962370   -3.120000e-03
3634.795270   -3.000000e-03
3633.628160   -2.980000e-03
3632.461060   -3.030000e-03
3631.293950   -2.920000e-03
3630.126850   -2.930000e-03
3628.959740   -2.800000e-03
3627.792640   -2.690000e-03
3626.625530   -2.720000e-03
3625.458430   -2.690000e-03
3624.291320   -2.540000e-03
3623.124220   -2.690000e-03
3621.957110   -2.510000e-03
3620.790010   -2.610000e-03
3619.622900   -2.420000e-03
3618.455800   -2.410000e-03
3617.288700   -2.380000e-03
3616.121590   -2.140000e-03
3614.954490   -2.190000e-03
3613.787380   -2.160000e-03
3612.620280   -2.130000e-03
3611.453170   -2.020000e-03
3610.286070   -1.980000e-03
3609.118960   -1.890000e-03
3607.951860   -1.800000e-03
3606.784750   -1.710000e-03
3605.617650   -1.740000e-03
3604.450540   -1.620000e-03
3603.283440   -1.620000e-03
3602.116330   -1.520000e-03
3600.949230   -1.500000e-03
3599.782130   -1.510000e-03
3598.615020   -1.450000e-03
3597.447920   -1.410000e-03
3596.280810   -1.460000e-03
3595.113710   -1.310000e-03
3593.946600   -1.200000e-03
3592.779500   -1.310000e-03
3591.612390   -1.220000e-03
3590.445290   -1.320000e-03
3589.278180   -1.130000e-03
3588.111080   -1.230000e-03
3586.943970   -1.260000e-03
3585.776870   -1.220000e-03
3584.609760   -1.270000e-03
3583.442660   -1.390000e-03
3582.275560   -1.320000e-03
3581.108450   -1.320000e-03
3579.941350   -1.370000e-03
3578.774240   -1.350000e-03
3577.607140   -1.420000e-03
3576.440030   -1.440000e-03
3575.272930   -1.540000e-03
3574.105820   -1.530000e-03
3572.938720   -1.630000e-03
3571.771610   -1.690000e-03
3570.604510   -1.710000e-03
3569.437400   -1.720000e-03
3568.270300   -1.880000e-03
3567.103190   -1.840000e-03
3565.936090   -1.890000e-03
3564.768990   -1.970000e-03
3563.601880   -2.010000e-03
3562.434780   -2.070000e-03
3561.267670   -2.150000e-03
3560.100570   -2.140000e-03
3558.933460   -2.200000e-03
3557.766360   -2.220000e-03
3556.599250   -2.150000e-03
3555.432150   -2.230000e-03
3554.265040   -2.290000e-03
3553.097940   -2.320000e-03
3551.930830   -2.070000e-03
3550.763730   -2.170000e-03
3549.596620   -2.060000e-03
3548.429520   -2.140000e-03
3547.262420   -2.030000e-03
3546.095310   -2.020000e-03
3544.928210   -1.900000e-03
3543.761100   -1.820000e-03
3542.594000   -1.750000e-03
3541.426890   -1.700000e-03
3540.259790   -1.620000e-03
3539.092680   -1.390000e-03
3537.925580   -1.460000e-03
3536.758470   -1.280000e-03
3535.591370   -1.280000e-03
3534.424260   -1.080000e-03
3533.257160   -9.811240e-04
3532.090050   -8.049380e-04
3530.922950   -8.240780e-04
3529.755850   -5.922700e-04
3528.588740   -4.295600e-04
3527.421640   -4.272710e-04
3526.254530   -3.352730e-04
3525.087430   -1.819730e-04
3523.920320   -1.185070e-04
3522.753220   -8.362440e-05
3521.586110   4.653960e-05
3520.419010   1.006120e-04
3519.251900   1.693860e-04
3518.084800   1.680080e-04
3516.917690   3.742570e-04
3515.750590   3.206320e-04
3514.583480   3.599450e-04
3513.416380   2.843520e-04
3512.249280   4.431460e-04
3511.082170   4.161530e-04
3509.915070   4.707450e-04
3508.747960   3.792460e-04
3507.580860   4.641200e-04
3506.413750   3.155030e-04
3505.246650   2.793020e-04
3504.079540   2.355350e-04
3502.912440   1.985350e-04
3501.745330   1.930370e-04
3500.578230   6.559670e-05
3499.411120   1.522720e-05
3498.244020   -1.470330e-04
3497.076910   -6.490320e-05
3495.909810   -1.373730e-04
3494.742700   -2.381960e-04
3493.575600   -4.020360e-04
3492.408500   -3.666980e-04
3491.241390   -3.918350e-04
3490.074290   -3.993210e-04
3488.907180   -4.187440e-04
3487.740080   -3.031920e-04
3486.572970   -2.001090e-04
3485.405870   -6.129310e-05
3484.238760   2.288690e-04
3483.071660   4.696670e-04
3481.904550   9.114110e-04
3480.737450   1.190000e-03
3479.570340   1.400000e-03
3478.403240   1.530000e-03
3477.236130   1.690000e-03
3476.069030   1.650000e-03
3474.901930   1.740000e-03
3473.734820   1.570000e-03
3472.567720   1.710000e-03
3471.400610   1.620000e-03
3470.233510   1.550000e-03
3469.066400   1.410000e-03
3467.899300   1.560000e-03
3466.732190   1.530000e-03
3465.565090   1.570000e-03
3464.397980   1.600000e-03
3463.230880   1.580000e-03
3462.063770   1.510000e-03
3460.896670   1.590000e-03
3459.729560   1.720000e-03
3458.562460   1.630000e-03
3457.395360   1.800000e-03
3456.228250   1.690000e-03
3455.061150   1.920000e-03
3453.894040   1.870000e-03
3452.726940   1.990000e-03
3451.559830   2.090000e-03
3450.392730   2.210000e-03
3449.225620   2.320000e-03
3448.058520   2.510000e-03
3446.891410   2.660000e-03
3445.724310   2.850000e-03
3444.557200   3.120000e-03
3443.390100   3.180000e-03
3442.222990   3.550000e-03
3441.055890   3.850000e-03
3439.888790   4.150000e-03
3438.721680   4.350000e-03
3437.554580   4.680000e-03
3436.387470   5.080000e-03
3435.220370   5.350000e-03
3434.053260   5.850000e-03
3432.886160   6.230000e-03
3431.719050   6.690000e-03
3430.551950   7.120000e-03
3429.384840   7.540000e-03
3428.217740   7.840000e-03
3427.050630   8.350000e-03
3425.883530   8.800000e-03
3424.716420   9.390000e-03
3423.549320   9.600000e-03
3422.382220   1.010000e-02
3421.215110   1.046000e-02
3420.048010   1.083000e-02
3418.880900   1.108000e-02
3417.713800   1.131000e-02
3416.546690   1.148000e-02
3415.379590   1.174000e-02
3414.212480   1.187000e-02
3413.045380   1.167000e-02
3411.878270   1.162000e-02
3410.711170   1.142000e-02
3409.544060   1.111000e-02
3408.376960   1.065000e-02
3407.209850   1.019000e-02
3406.042750   9.570000e-03
3404.875650   8.950000e-03
3403.708540   8.220000e-03
3402.541440   7.390000e-03
3401.374330   6.440000e-03
3400.207230   5.770000e-03
3399.040120   4.920000e-03
3397.873020   4.120000e-03
3396.705910   3.380000e-03
3395.538810   2.640000e-03
3394.371700   1.940000e-03
3393.204600   1.280000e-03
3392.037490   8.099990e-04
3390.870390   3.465660e-04
3389.703280   1.920660e-05
3388.536180   -3.053860e-04
3387.369080   -6.538520e-04
3386.201970   -9.776010e-04
3385.034870   -1.180000e-03
3383.867760   -1.320000e-03
3382.700660   -1.360000e-03
3381.533550   -1.540000e-03
3380.366450   -1.680000e-03
3379.199340   -1.770000e-03
3378.032240   -1.810000e-03
3376.865130   -1.840000e-03
3375.698030   -1.840000e-03
3374.530920   -1.790000e-03
3373.363820   -1.940000e-03
3372.196710   -1.840000e-03
3371.029610   -1.970000e-03
3369.862500   -1.960000e-03
3368.695400   -1.970000e-03
3367.528300   -1.870000e-03
3366.361190   -1.870000e-03
3365.194090   -1.790000e-03
3364.026980   -1.880000e-03
3362.859880   -1.860000e-03
3361.692770   -1.790000e-03
3360.525670   -1.770000e-03
3359.358560   -1.750000e-03
3358.191460   -1.710000e-03
3357.024350   -1.670000e-03
3355.857250   -1.780000e-03
3354.690140   -1.640000e-03
3353.523040   -1.670000e-03
3352.355930   -1.560000e-03
3351.188830   -1.670000e-03
3350.021730   -1.540000e-03
3348.854620   -1.610000e-03
3347.687520   -1.560000e-03
3346.520410   -1.560000e-03
3345.353310   -1.550000e-03
3344.186200   -1.570000e-03
3343.019100   -1.560000e-03
3341.851990   -1.550000e-03
3340.684890   -1.510000e-03
3339.517780   -1.470000e-03
3338.350680   -1.420000e-03
3337.183570   -1.380000e-03
3336.016470   -1.400000e-03
3334.849360   -1.290000e-03
3333.682260   -1.290000e-03
3332.515160   -1.110000e-03
3331.348050   -1.260000e-03
3330.180950   -1.120000e-03
3329.013840   -1.180000e-03
3327.846740   -1.120000e-03
3326.679630   -1.100000e-03
3325.512530   -1.040000e-03
3324.345420   -1.050000e-03
3323.178320   -1.010000e-03
3322.011210   -1.000000e-03
3320.844110   -9.465620e-04
3319.677000   -9.386210e-04
3318.509900   -9.513750e-04
3317.342790   -8.787470e-04
3316.175690   -9.384780e-04
3315.008590   -7.568240e-04
3313.841480   -8.231080e-04
3312.674380   -7.975480e-04
3311.507270   -8.121990e-04
3310.340170   -6.926970e-04
3309.173060   -6.908240e-04
3308.005960   -6.907750e-04
3306.838850   -7.604340e-04
3305.671750   -7.123020e-04
3304.504640   -7.227730e-04
3303.337540   -6.652570e-04
3302.170430   -6.370290e-04
3301.003330   -6.268740e-04
3299.836220   -6.317410e-04
3298.669120   -7.080000e-04
3297.502020   -6.790020e-04
3296.334910   -6.707620e-04
3295.167810   -6.403320e-04
3294.000700   -6.012210e-04
3292.833600   -7.033800e-04
3291.666490   -6.133820e-04
3290.499390   -6.222530e-04
3289.332280   -6.478930e-04
3288.165180   -6.467080e-04
3286.998070   -5.813940e-04
3285.830970   -5.137220e-04
3284.663860   -5.254840e-04
3283.496760   -4.351720e-04
3282.329650   -4.504780e-04
3281.162550   -4.241310e-04
3279.995450   -4.776800e-04
3278.828340   -5.057400e-04
3277.661240   -4.134070e-04
3276.494130   -5.207050e-04
3275.327030   -2.954780e-04
3274.159920   -3.472800e-04
3272.992820   -3.619440e-04
3271.825710   -3.718480e-04
3270.658610   -2.684710e-04
3269.491500   -3.245680e-04
3268.324400   -3.510840e-04
3267.157290   -2.533780e-04
3265.990190   -2.153750e-04
3264.823080   -2.181060e-04
3263.655980   -2.811270e-04
3262.488880   -1.293540e-04
3261.321770   -2.173350e-04
3260.154670   -1.792950e-04
3258.987560   -2.061880e-04
3257.820460   -9.341110e-05
3256.653350   -2.074660e-04
3255.486250   -6.193470e-05
3254.319140   -9.323770e-05
3253.152040   -5.791970e-05
3251.984930   -1.247400e-04
3250.817830   8.530110e-06
3249.650720   1.038910e-05
3248.483620   -1.615180e-05
3247.316510   -1.003890e-05
3246.149410   -5.861230e-05
3244.982300   2.193140e-05
3243.815200   3.959090e-05
3242.648100   5.512360e-05
3241.480990   -3.463870e-05
3240.313890   9.338810e-05
3239.146780   2.244790e-05
3237.979680   4.892050e-05
3236.812570   7.779640e-05
3235.645470   1.271330e-04
3234.478360   1.536860e-04
3233.311260   1.180800e-04
3232.144150   7.941270e-05
3230.977050   1.563650e-04
3229.809940   1.989890e-04
3228.642840   1.514730e-04
3227.475730   1.672070e-04
3226.308630   1.729960e-04
3225.141530   1.796930e-04
3223.974420   2.437270e-04
3222.807320   2.557440e-04
3221.640210   2.461630e-04
3220.473110   2.582540e-04
3219.306000   1.668630e-04
3218.138900   3.146670e-04
3216.971790   2.386060e-04
3215.804690   2.531390e-04
3214.637580   2.059460e-04
3213.470480   2.843220e-04
3212.303370   2.457600e-04
3211.136270   2.510840e-04
3209.969160   2.607560e-04
3208.802060   3.020400e-04
3207.634960   2.502860e-04
3206.467850   1.983200e-04
3205.300750   3.710910e-04
3204.133640   2.267050e-04
3202.966540   3.107280e-04
3201.799430   2.253400e-04
3200.632330   2.928070e-04
3199.465220   3.203900e-04
3198.298120   2.858540e-04
3197.131010   2.461150e-04
3195.963910   3.194190e-04
3194.796800   2.816550e-04
3193.629700   2.332720e-04
3192.462590   2.908990e-04
3191.295490   2.955390e-04
3190.128390   3.338950e-04
3188.961280   2.800920e-04
3187.794180   3.623530e-04
3186.627070   3.484560e-04
3185.459970   4.324380e-04
3184.292860   3.666920e-04
3183.125760   4.178180e-04
3181.958650   3.091460e-04
3180.791550   3.454990e-04
3179.624440   4.240730e-04
3178.457340   3.964690e-04
3177.290230   4.926050e-04
3176.123130   4.277890e-04
3174.956020   4.519200e-04
3173.788920   4.625630e-04
3172.621820   5.404250e-04
3171.454710   4.940680e-04
3170.287610   6.064360e-04
3169.120500   6.049030e-04
3167.953400   6.302890e-04
3166.786290   5.783080e-04
3165.619190   6.479440e-04
3164.452080   6.636720e-04
3163.284980   6.864680e-04
3162.117870   6.994050e-04
3160.950770   7.367750e-04
3159.783660   8.582560e-04
3158.616560   7.550370e-04
3157.449450   7.460610e-04
3156.282350   7.222100e-04
3155.115250   6.940720e-04
3153.948140   7.899250e-04
3152.781040   8.173630e-04
3151.613930   7.009620e-04
3150.446830   7.798000e-04
3149.279720   6.705340e-04
3148.112620   7.214760e-04
3146.945510   6.524840e-04
3145.778410   6.274270e-04
3144.611300   5.666540e-04
3143.444200   5.140990e-04
3142.277090   4.786840e-04
3141.109990   4.447850e-04
3139.942880   3.867530e-04
3138.775780   2.855380e-04
3137.608680   1.851640e-04
3136.441570   1.097800e-04
3135.274470   1.459070e-04
3134.107360   1.065150e-04
3132.940260   7.718960e-05
3131.773150   -4.016580e-05
3130.606050   -4.922670e-06
3129.438940   -1.230350e-04
3128.271840   -1.283840e-04
3127.104730   -1.137030e-04
3125.937630   -1.956430e-05
3124.770520   -4.732190e-05
3123.603420   -9.757450e-06
3122.436310   7.265860e-05
3121.269210   1.153770e-04
3120.102100   6.793780e-05
3118.935000   1.755960e-04
3117.767900   2.959900e-04
3116.600790   2.743140e-04
3115.433690   4.420290e-04
3114.266580   5.014430e-04
3113.099480   5.910470e-04
3111.932370   5.589520e-04
3110.765270   6.631100e-04
3109.598160   6.388510e-04
3108.431060   7.052410e-04
3107.263950   7.264990e-04
3106.096850   7.626330e-04
3104.929740   7.068830e-04
3103.762640   7.668510e-04
3102.595530   7.344970e-04
3101.428430   8.128810e-04
3100.261330   6.441230e-04
3099.094220   6.509620e-04
3097.927120   6.486160e-04
3096.760010   5.362660e-04
3095.592910   5.802750e-04
3094.425800   5.106910e-04
3093.258700   3.853840e-04
3092.091590   3.615190e-04
3090.924490   3.365040e-04
3089.757380   2.048600e-04
3088.590280   2.033380e-04
3087.423170   1.094210e-04
3086.256070   1.474320e-04
3085.088960   1.540550e-04
3083.921860   2.891450e-05
3082.754760   3.084930e-05
3081.587650   2.764440e-05
3080.420550   -1.211620e-05
3079.253440   1.902690e-05
3078.086340   6.689130e-06
3076.919230   6.389530e-05
3075.752130   5.411060e-05
3074.585020   1.206000e-04
3073.417920   1.828730e-04
3072.250810   1.912750e-04
3071.083710   3.349220e-04
3069.916600   4.217150e-04
3068.749500   5.479610e-04
3067.582390   8.570370e-04
3066.415290   1.080000e-03
3065.248190   1.210000e-03
3064.081080   1.570000e-03
3062.913980   1.950000e-03
3061.746870   2.380000e-03
3060.579770   2.860000e-03
3059.412660   3.450000e-03
3058.245560   4.120000e-03
3057.078450   4.790000e-03
3055.911350   5.610000e-03
3054.744240   6.570000e-03
3053.577140   7.470000e-03
3052.410030   8.570000e-03
3051.242930   9.610000e-03
3050.075820   1.090000e-02
3048.908720   1.208000e-02
3047.741620   1.330000e-02
3046.574510   1.440000e-02
3045.407410   1.562000e-02
3044.240300   1.667000e-02
3043.073200   1.768000e-02
3041.906090   1.844000e-02
3040.738990   1.924000e-02
3039.571880   1.971000e-02
3038.404780   2.013000e-02
3037.237670   2.036000e-02
3036.070570   2.055000e-02
3034.903460   2.046000e-02
3033.736360   2.032000e-02
3032.569250   2.001000e-02
3031.402150   1.961000e-02
3030.235050   1.929000e-02
3029.067940   1.906000e-02
3027.900840   1.915000e-02
3026.733730   1.940000e-02
3025.566630   2.009000e-02
3024.399520   2.115000e-02
3023.232420   2.265000e-02
3022.065310   2.443000e-02
3020.898210   2.656000e-02
3019.731100   2.898000e-02
3018.564000   3.145000e-02
3017.396890   3.409000e-02
3016.229790   3.675000e-02
3015.062680   3.898000e-02
3013.895580   4.105000e-02
3012.728480   4.278000e-02
3011.561370   4.404000e-02
3010.394270   4.479000e-02
3009.227160   4.481000e-02
3008.060060   4.431000e-02
3006.892950   4.309000e-02
3005.725850   4.132000e-02
3004.558740   3.897000e-02
3003.391640   3.613000e-02
3002.224530   3.300000e-02
3001.057430   2.970000e-02
2999.890320   2.616000e-02
2998.723220   2.281000e-02
2997.556110   1.952000e-02
2996.389010   1.658000e-02
2995.221900   1.392000e-02
2994.054800   1.168000e-02
2992.887700   9.920000e-03
2991.720590   8.650000e-03
2990.553490   7.860000e-03
2989.386380   7.360000e-03
2988.219280   7.400000e-03
2987.052170   7.530000e-03
2985.885070   8.050000e-03
2984.717960   8.850000e-03
2983.550860   9.800000e-03
2982.383750   1.099000e-02
2981.216650   1.243000e-02
2980.049540   1.406000e-02
2978.882440   1.622000e-02
2977.715330   1.858000e-02
2976.548230   2.127000e-02
2975.381130   2.473000e-02
2974.214020   2.872000e-02
2973.046920   3.358000e-02
2971.879810   3.910000e-02
2970.712710   4.566000e-02
2969.545600   5.302000e-02
2968.378500   6.123000e-02
2967.211390   7.003000e-02
2966.044290   7.930000e-02
2964.877180   8.864000e-02
2963.710080   9.725000e-02
2962.542970   1.046700e-01
2961.375870   1.102900e-01
2960.208760   1.133000e-01
2959.041660   1.135900e-01
2957.874560   1.109800e-01
2956.707450   1.055800e-01
2955.540350   9.825000e-02
2954.373240   8.915000e-02
2953.206140   7.936000e-02
2952.039030   6.949000e-02
2950.871930   6.027000e-02
2949.704820   5.201000e-02
2948.537720   4.503000e-02
2947.370610   3.914000e-02
2946.203510   3.435000e-02
2945.036400   3.068000e-02
2943.869300   2.766000e-02
2942.702190   2.524000e-02
2941.535090   2.337000e-02
2940.367990   2.179000e-02
2939.200880   2.046000e-02
2938.033780   1.939000e-02
2936.866670   1.839000e-02
2935.699570   1.748000e-02
2934.532460   1.671000e-02
2933.365360   1.601000e-02
2932.198250   1.520000e-02
2931.031150   1.454000e-02
2929.864040   1.381000e-02
2928.696940   1.329000e-02
2927.529830   1.258000e-02
2926.362730   1.189000e-02
2925.195620   1.126000e-02
2924.028520   1.074000e-02
2922.861420   1.008000e-02
2921.694310   9.480000e-03
2920.527210   9.010000e-03
2919.360100   8.710000e-03
2918.193000   8.190000e-03
2917.025890   7.830000e-03
2915.858790   7.580000e-03
2914.691680   7.360000e-03
2913.524580   7.520000e-03
2912.357470   7.680000e-03
2911.190370   7.950000e-03
2910.023260   8.010000e-03
2908.856160   8.100000e-03
2907.689050   8.060000e-03
2906.521950   8.020000e-03
2905.354850   7.930000e-03
2904.187740   7.780000e-03
2903.020640   7.800000e-03
2901.853530   7.770000e-03
2900.686430   7.730000e-03
2899.519320   7.750000e-03
2898.352220   7.790000e-03
2897.185110   7.800000e-03
2896.018010   7.880000e-03
2894.850900   7.870000e-03
2893.683800   7.950000e-03
2892.516690   7.870000e-03
2891.349590   7.800000e-03
2890.182480   7.790000e-03
2889.015380   7.540000e-03
2887.848280   7.280000e-03
2886.681170   7.000000e-03
2885.514070   6.750000e-03
2884.346960   6.340000e-03
2883.179860   5.970000e-03
2882.012750   5.560000e-03
2880.845650   5.130000e-03
2879.678540   4.740000e-03
2878.511440   4.350000e-03
2877.344330   3.850000e-03
2876.177230   3.550000e-03
2875.010120   3.120000e-03
2873.843020   2.730000e-03
2872.675910   2.390000e-03
2871.508810   2.050000e-03
2870.341700   1.780000e-03
2869.174600   1.450000e-03
2868.007500   1.220000e-03
2866.840390   9.135500e-04
2865.673290   7.095180e-04
2864.506180   4.775990e-04
2863.339080   3.649320e-04
2862.171970   2.768240e-04
2861.004870   2.294360e-04
2859.837760   2.661380e-04
2858.670660   4.788530e-04
2857.503550   7.911620e-04
2856.336450   1.310000e-03
2855.169340   2.160000e-03
2854.002240   3.150000e-03
2852.835130   4.460000e-03
2851.668030   5.850000e-03
2850.500930   7.350000e-03
2849.333820   8.910000e-03
2848.166720   1.012000e-02
2846.999610   1.092000e-02
2845.832510   1.137000e-02
2844.665400   1.161000e-02
2843.498300   1.154000e-02
2842.331190   1.132000e-02
2841.164090   1.065000e-02
2839.996980   9.580000e-03
2838.829880   8.500000e-03
2837.662770   7.390000e-03
2836.495670   6.250000e-03
2835.328560   5.220000e-03
2834.161460   4.350000e-03
2832.994360   3.570000e-03
2831.827250   2.870000e-03
2830.660150   2.220000e-03
2829.493040   1.630000e-03
2828.325940   1.220000e-03
2827.158830   7.295690e-04
2825.991730   3.812130e-04
2824.824620   1.952080e-05
2823.657520   -3.000180e-04
2822.490410   -6.727270e-04
2821.323310   -8.699750e-04
2820.156200   -1.090000e-03
2818.989100   -1.300000e-03
2817.821990   -1.450000e-03
2816.654890   -1.580000e-03
2815.487790   -1.580000e-03
2814.320680   -1.640000e-03
2813.153580   -1.710000e-03
2811.986470   -1.780000e-03
2810.819370   -1.700000e-03
2809.652260   -1.710000e-03
2808.485160   -1.690000e-03
2807.318050   -1.710000e-03
2806.150950   -1.650000e-03
2804.983840   -1.650000e-03
2803.816740   -1.580000e-03
2802.649630   -1.560000e-03
2801.482530   -1.560000e-03
2800.315420   -1.470000e-03
2799.148320   -1.500000e-03
2797.981220   -1.390000e-03
2796.814110   -1.340000e-03
2795.647010   -1.240000e-03
2794.479900   -1.190000e-03
2793.312800   -1.120000e-03
2792.145690   -1.120000e-03
2790.978590   -9.735180e-04
2789.811480   -9.366780e-04
2788.644380   -9.204070e-04
2787.477270   -7.817650e-04
2786.310170   -7.059050e-04
2785.143060   -6.383390e-04
2783.975960   -5.425320e-04
2782.808850   -4.663860e-04
2781.641750   -4.034280e-04
2780.474650   -2.764270e-04
2779.307540   -2.567470e-04
2778.140440   -1.168380e-04
2776.973330   -2.914220e-05
2775.806230   6.821420e-05
2774.639120   9.094130e-05
2773.472020   2.230850e-04
2772.304910   2.106660e-04
2771.137810   3.745830e-04
2769.970700   3.395230e-04
2768.803600   4.105670e-04
2767.636490   4.620830e-04
2766.469390   6.118430e-04
2765.302280   5.742190e-04
2764.135180   6.500220e-04
2762.968080   6.923490e-04
2761.800970   8.260450e-04
2760.633870   8.152870e-04
2759.466760   7.983590e-04
2758.299660   8.205490e-04
2757.132550   8.741670e-04
2755.965450   9.337870e-04
2754.798340   9.342100e-04
2753.631240   9.364190e-04
2752.464130   9.402420e-04
2751.297030   9.828530e-04
2750.129920   9.670680e-04
2748.962820   1.020000e-03
2747.795710   9.367950e-04
2746.628610   9.437460e-04
2745.461500   9.396310e-04
2744.294400   8.806280e-04
2743.127300   8.172660e-04
2741.960190   7.782890e-04
2740.793090   7.148670e-04
2739.625980   6.552140e-04
2738.458880   6.409580e-04
2737.291770   5.337800e-04
2736.124670   5.524570e-04
2734.957560   4.062900e-04
2733.790460   3.301390e-04
2732.623350   2.578010e-04
2731.456250   2.154080e-04
2730.289140   1.119170e-04
2729.122040   5.532440e-05
2727.954930   -5.342070e-06
2726.787830   -8.804360e-05
2725.620730   -8.094380e-05
2724.453620   -1.481790e-04
2723.286520   -1.294470e-04
2722.119410   -2.565720e-04
2720.952310   -1.889880e-04
2719.785200   -2.121470e-04
2718.618100   -2.772510e-04
2717.450990   -2.588110e-04
2716.283890   -2.264910e-04
2715.116780   -2.348170e-04
2713.949680   -2.329570e-04
2712.782570   -2.311520e-04
2711.615470   -2.086370e-04
2710.448360   -1.969610e-04
2709.281260   -1.969260e-04
2708.114160   -1.291520e-04
2706.947050   -1.359090e-04
2705.779950   -1.038030e-04
2704.612840   -6.060660e-05
2703.445740   -4.847740e-05
2702.278630   -7.449730e-05
2701.111530   -2.293250e-05
2699.944420   -5.540910e-06
2698.777320   3.612450e-05
2697.610210   7.196360e-05
2696.443110   9.651810e-05
2695.276000   1.102160e-04
2694.108900   2.234480e-04
2692.941790   1.605260e-04
2691.774690   2.208890e-04
2690.607590   2.132530e-04
2689.440480   2.249320e-04
2688.273380   2.833720e-04
2687.106270   3.394940e-04
2685.939170   4.049700e-04
2684.772060   3.840510e-04
2683.604960   4.156120e-04
2682.437850   3.806160e-04
2681.270750   5.193130e-04
2680.103640   4.557390e-04
2678.936540   5.149410e-04
2677.769430   5.664380e-04
2676.602330   6.010420e-04
2675.435220   6.325320e-04
2674.268120   6.756060e-04
2673.101020   7.704900e-04
2671.933910   7.346820e-04
2670.766810   8.208280e-04
2669.599700   8.611450e-04
2668.432600   8.694070e-04
2667.265490   8.794460e-04
2666.098390   8.451600e-04
2664.931280   9.043000e-04
2663.764180   1.040000e-03
2662.597070   9.938480e-04
2661.429970   1.040000e-03
2660.262860   1.050000e-03
2659.095760   1.090000e-03
2657.928650   1.060000e-03
2656.761550   1.050000e-03
2655.594450   1.070000e-03
2654.427340   1.130000e-03
2653.260240   1.110000e-03
2652.093130   1.120000e-03
2650.926030   1.200000e-03
2649.758920   1.240000e-03
2648.591820   1.290000e-03
2647.424710   1.370000e-03
2646.257610   1.380000e-03
2645.090500   1.510000e-03
2643.923400   1.510000e-03
2642.756290   1.570000e-03
2641.589190   1.650000e-03
2640.422080   1.680000e-03
2639.254980   1.750000e-03
2638.087880   1.740000e-03
2636.920770   1.880000e-03
2635.753670   1.950000e-03
2634.586560   1.960000e-03
2633.419460   2.080000e-03
2632.252350   2.150000e-03
2631.085250   2.230000e-03
2629.918140   2.200000e-03
2628.751040   2.340000e-03
2627.583930   2.340000e-03
2626.416830   2.420000e-03
2625.249720   2.400000e-03
2624.082620   2.480000e-03
2622.915510   2.520000e-03
2621.748410   2.550000e-03
2620.581300   2.570000e-03
2619.414200   2.620000e-03
2618.247100   2.650000e-03
2617.079990   2.770000e-03
2615.912890   2.750000e-03
2614.745780   2.800000e-03
2613.578680   2.880000e-03
2612.411570   2.940000e-03
2611.244470   3.050000e-03
2610.077360   3.080000e-03
2608.910260   3.190000e-03
2607.743150   3.270000e-03
2606.576050   3.380000e-03
2605.408940   3.480000e-03
2604.241840   3.530000e-03
2603.074730   3.620000e-03
2601.907630   3.730000e-03
2600.740530   3.730000e-03
2599.573420   3.880000e-03
2598.406320   3.970000e-03
2597.239210   4.010000e-03
2596.072110   4.020000e-03
2594.905000   4.020000e-03
2593.737900   4.000000e-03
2592.570790   4.050000e-03
2591.403690   4.000000e-03
2590.236580   3.840000e-03
2589.069480   3.790000e-03
2587.902370   3.640000e-03
2586.735270   3.460000e-03
2585.568160   3.340000e-03
2584.401060   3.230000e-03
2583.233960   3.080000e-03
2582.066850   2.870000e-03
2580.899750   2.720000e-03
2579.732640   2.510000e-03
2578.565540   2.430000e-03
2577.398430   2.220000e-03
2576.231330   2.020000e-03
2575.064220   1.930000e-03
2573.897120   1.840000e-03
2572.730010   1.690000e-03
2571.562910   1.570000e-03
2570.395800   1.500000e-03
2569.228700   1.420000e-03
2568.061590   1.310000e-03
2566.894490   1.300000e-03
2565.727390   1.260000e-03
2564.560280   1.190000e-03
2563.393180   1.220000e-03
2562.226070   1.150000e-03
2561.058970   1.150000e-03
2559.891860   1.140000e-03
2558.724760   1.180000e-03
2557.557650   1.250000e-03
2556.390550   1.190000e-03
2555.223440   1.200000e-03
2554.056340   1.210000e-03
2552.889230   1.210000e-03
2551.722130   1.250000e-03
2550.555020   1.250000e-03
2549.387920   1.240000e-03
2548.220820   1.300000e-03
2547.053710   1.230000e-03
2545.886610   1.270000e-03
2544.719500   1.290000e-03
2543.552400   1.290000e-03
2542.385290   1.280000e-03
2541.218190   1.240000e-03
2540.051080   1.250000e-03
2538.883980   1.250000e-03
2537.716870   1.210000e-03
2536.549770   1.240000e-03
2535.382660   1.270000e-03
2534.215560   1.180000e-03
2533.048450   1.230000e-03
2531.881350   1.160000e-03
2530.714250   1.140000e-03
2529.547140   1.140000e-03
2528.380040   1.140000e-03
2527.212930   1.120000e-03
2526.045830   1.080000e-03
2524.878720   1.080000e-03
2523.711620   1.090000e-03
2522.544510   1.040000e-03
2521.377410   1.110000e-03
2520.210300   1.060000e-03
2519.043200   1.070000e-03
2517.876090   1.010000e-03
2516.708990   1.030000e-03
2515.541880   1.110000e-03
2514.374780   1.030000e-03
2513.207680   1.080000e-03
2512.040570   1.080000e-03
2510.873470   1.100000e-03
2509.706360   1.110000e-03
2508.539260   1.200000e-03
2507.372150   1.210000e-03
2506.205050   1.360000e-03
2505.037940   1.320000e-03
2503.870840   1.440000e-03
2502.703730   1.460000e-03
2501.536630   1.550000e-03
2500.369520   1.580000e-03
2499.202420   1.680000e-03
2498.035310   1.700000e-03
2496.868210   1.800000e-03
2495.701100   1.870000e-03
2494.534000   1.960000e-03
2493.366900   2.100000e-03
2492.199790   2.110000e-03
2491.032690   2.220000e-03
2489.865580   2.360000e-03
2488.698480   2.410000e-03
2487.531370   2.580000e-03
2486.364270   2.640000e-03
2485.197160   2.760000e-03
2484.030060   2.810000e-03
2482.862950   2.980000e-03
2481.695850   3.110000e-03
2480.528740   3.170000e-03
2479.361640   3.300000e-03
2478.194530   3.390000e-03
2477.027430   3.460000e-03
2475.860330   3.460000e-03
2474.693220   3.510000e-03
2473.526120   3.580000e-03
2472.359010   3.550000e-03
2471.191910   3.550000e-03
2470.024800   3.470000e-03
2468.857700   3.430000e-03
2467.690590   3.310000e-03
2466.523490   3.330000e-03
2465.356380   3.230000e-03
2464.189280   3.200000e-03
2463.022170   3.200000e-03
2461.855070   3.230000e-03
2460.687960   3.280000e-03
2459.520860   3.390000e-03
2458.353760   3.460000e-03
2457.186650   3.540000e-03
2456.019550   3.600000e-03
2454.852440   3.730000e-03
2453.685340   3.870000e-03
2452.518230   3.930000e-03
2451.351130   4.060000e-03
2450.184020   4.150000e-03
2449.016920   4.400000e-03
2447.849810   4.490000e-03
2446.682710   4.670000e-03
2445.515600   4.750000e-03
2444.348500   4.950000e-03
2443.181390   5.130000e-03
2442.014290   5.200000e-03
2440.847190   5.360000e-03
2439.680080   5.530000e-03
2438.512980   5.750000e-03
2437.345870   5.920000e-03
2436.178770   6.070000e-03
2435.011660   6.230000e-03
2433.844560   6.390000e-03
2432.677450   6.530000e-03
2431.510350   6.740000e-03
2430.343240   6.900000e-03
2429.176140   7.000000e-03
2428.009030   7.190000e-03
2426.841930   7.220000e-03
2425.674820   7.370000e-03
2424.507720   7.490000e-03
2423.340620   7.590000e-03
2422.173510   7.660000e-03
2421.006410   7.740000e-03
2419.839300   7.710000e-03
2418.672200   7.740000e-03
2417.505090   7.760000e-03
2416.337990   7.740000e-03
2415.170880   7.710000e-03
2414.003780   7.640000e-03
2412.836670   7.510000e-03
2411.669570   7.340000e-03
2410.502460   7.220000e-03
2409.335360   7.100000e-03
2408.168250   6.860000e-03
2407.001150   6.600000e-03
2405.834050   6.370000e-03
2404.666940   6.100000e-03
2403.499840   5.930000e-03
2402.332730   5.640000e-03
2401.165630   5.380000e-03
2399.998520   5.110000e-03
2398.831420   4.940000e-03
2397.664310   4.690000e-03
2396.497210   4.440000e-03
2395.330100   4.340000e-03
2394.163000   4.220000e-03
2392.995890   4.080000e-03
2391.828790   4.030000e-03
2390.661680   3.990000e-03
2389.494580   3.920000e-03
2388.327480   4.060000e-03
2387.160370   4.110000e-03
2385.993270   4.170000e-03
2384.826160   4.260000e-03
2383.659060   4.420000e-03
2382.491950   4.520000e-03
2381.324850   4.730000e-03
2380.157740   4.790000e-03
2378.990640   4.970000e-03
2377.823530   5.090000e-03
2376.656430   5.250000e-03
2375.489320   5.270000e-03
2374.322220   5.430000e-03
2373.155110   5.510000e-03
2371.988010   5.640000e-03
2370.820900   5.760000e-03
2369.653800   5.800000e-03
2368.486700   6.020000e-03
2367.319590   6.080000e-03
2366.152490   6.110000e-03
2364.985380   6.200000e-03
2363.818280   6.200000e-03
2362.651170   6.160000e-03
2361.484070   6.190000e-03
2360.316960   6.140000e-03
2359.149860   6.410000e-03
2357.982750   6.550000e-03
2356.815650   6.810000e-03
2355.648540   6.640000e-03
2354.481440   6.340000e-03
2353.314330   6.340000e-03
2352.147230   6.400000e-03
2350.980130   6.090000e-03
2349.813020   5.880000e-03
2348.645920   5.820000e-03
2347.478810   5.460000e-03
2346.311710   5.520000e-03
2345.144600   6.240000e-03
2343.977500   7.080000e-03
2342.810390   7.310000e-03
2341.643290   7.530000e-03
2340.476180   7.160000e-03
2339.309080   5.870000e-03
2338.141970   4.780000e-03
2336.974870   4.920000e-03
2335.807760   4.410000e-03
2334.640660   4.200000e-03
2333.473560   4.780000e-03
2332.306450   4.190000e-03
2331.139350   4.180000e-03
2329.972240   4.730000e-03
2328.805140   3.960000e-03
2327.638030   4.440000e-03
2326.470930   4.780000e-03
2325.303820   4.080000e-03
2324.136720   4.590000e-03
2322.969610   4.200000e-03
2321.802510   4.370000e-03
2320.635400   4.540000e-03
2319.468300   4.140000e-03
2318.301190   4.590000e-03
2317.134090   4.270000e-03
2315.966990   4.480000e-03
2314.799880   4.500000e-03
2313.632780   4.450000e-03
2312.465670   4.480000e-03
2311.298570   4.340000e-03
2310.131460   4.460000e-03
2308.964360   4.250000e-03
2307.797250   4.340000e-03
2306.630150   4.140000e-03
2305.463040   4.230000e-03
2304.295940   4.040000e-03
2303.128830   3.890000e-03
2301.961730   3.790000e-03
2300.794620   3.660000e-03
2299.627520   3.530000e-03
2298.460420   3.290000e-03
2297.293310   3.170000e-03
2296.126210   2.950000e-03
2294.959100   2.770000e-03
2293.792000   2.560000e-03
2292.624890   2.390000e-03
2291.457790   2.190000e-03
2290.290680   1.910000e-03
2289.123580   1.770000e-03
2287.956470   1.580000e-03
2286.789370   1.380000e-03
2285.622260   1.190000e-03
2284.455160   1.060000e-03
2283.288050   8.941820e-04
2282.120950   7.134630e-04
2280.953850   6.375220e-04
2279.786740   6.204210e-04
2278.619640   4.617140e-04
2277.452530   3.570250e-04
2276.285430   3.297250e-04
2275.118320   1.722000e-04
2273.951220   1.989100e-04
2272.784110   1.330980e-04
2271.617010   1.020960e-04
2270.449900   2.267940e-07
2269.282800   -7.039770e-06
2268.115690   -8.098110e-05
2266.948590   -6.835660e-05
2265.781480   -9.291830e-05
2264.614380   -1.036020e-04
2263.447280   -1.193630e-04
2262.280170   -1.018320e-04
2261.113070   -1.560910e-04
2259.945960   -1.262750e-04
2258.778860   -1.298790e-04
2257.611750   -1.918760e-04
2256.444650   -1.492020e-04
2255.277540   -1.977260e-04
2254.110440   -1.224950e-04
2252.943330   -2.261150e-04
2251.776230   -1.423790e-04
2250.609120   -1.873530e-04
2249.442020   -1.813210e-04
2248.274910   -1.584070e-04
2247.107810   -1.986410e-04
2245.940700   -2.213780e-04
2244.773600   -1.728220e-04
2243.606500   -1.680800e-04
2242.439390   -1.779390e-04
2241.272290   -1.726780e-04
2240.105180   -1.635070e-04
2238.938080   -1.997570e-04
2237.770970   -2.127170e-04
2236.603870   -2.066410e-04
2235.436760   -2.310160e-04
2234.269660   -2.336470e-04
2233.102550   -2.172230e-04
2231.935450   -1.470800e-04
2230.768340   -2.042950e-04
2229.601240   -1.560730e-04
2228.434130   -2.089380e-04
2227.267030   -2.312800e-04
2226.099930   -2.201980e-04
2224.932820   -1.832360e-04
2223.765720   -2.498700e-04
2222.598610   -2.243630e-04
2221.431510   -1.861830e-04
2220.264400   -2.158130e-04
2219.097300   -1.801990e-04
2217.930190   -1.554030e-04
2216.763090   -1.835370e-04
2215.595980   -1.888180e-04
2214.428880   -1.503590e-04
2213.261770   -1.453000e-04
2212.094670   -6.518710e-05
2210.927560   -1.108360e-04
2209.760460   -5.378510e-05
2208.593360   -3.456560e-05
2207.426250   2.201360e-05
2206.259150   5.276200e-05
2205.092040   4.190430e-06
2203.924940   3.839300e-05
2202.757830   5.326270e-05
2201.590730   7.794290e-05
2200.423620   -3.420880e-05
2199.256520   5.095090e-05
2198.089410   -3.885500e-05
2196.922310   -4.780210e-06
2195.755200   -6.126860e-05
2194.588100   -5.055860e-05
2193.420990   -1.317140e-04
2192.253890   -1.341490e-04
2191.086790   -1.720080e-04
2189.919680   -1.577400e-04
2188.752580   -1.981620e-04
2187.585470   -2.014140e-04
2186.418370   -1.965430e-04
2185.251260   -2.020290e-04
2184.084160   -2.024110e-04
2182.917050   -1.908230e-04
2181.749950   -2.104590e-04
2180.582840   -2.656840e-04
2179.415740   -2.321460e-04
2178.248630   -2.252620e-04
2177.081530   -2.226430e-04
2175.914420   -1.994970e-04
2174.747320   -1.692650e-04
2173.580220   -1.818330e-04
2172.413110   -1.453310e-04
2171.246010   -1.624280e-04
2170.078900   -8.466480e-05
2168.911800   -8.240380e-05
2167.744690   -3.110660e-05
2166.577590   -3.418410e-06
2165.410480   -2.911110e-07
2164.243380   6.949500e-05
2163.076270   7.352130e-05
2161.909170   2.328570e-04
2160.742060   2.016810e-04
2159.574960   3.431080e-04
2158.407850   3.951440e-04
2157.240750   5.893700e-04
2156.073650   6.594200e-04
2154.906540   8.420730e-04
2153.739440   9.864320e-04
2152.572330   1.180000e-03
2151.405230   1.420000e-03
2150.238120   1.590000e-03
2149.071020   1.920000e-03
2147.903910   2.080000e-03
2146.736810   2.460000e-03
2145.569700   2.720000e-03
2144.402600   3.200000e-03
2143.235490   3.720000e-03
2142.068390   4.460000e-03
2140.901280   5.170000e-03
2139.734180   6.090000e-03
2138.567080   6.910000e-03
2137.399970   7.520000e-03
2136.232870   7.920000e-03
2135.065760   8.210000e-03
2133.898660   8.310000e-03
2132.731550   8.370000e-03
2131.564450   8.500000e-03
2130.397340   8.520000e-03
2129.230240   8.730000e-03
2128.063130   8.890000e-03
2126.896030   9.190000e-03
2125.728920   9.500000e-03
2124.561820   9.910000e-03
2123.394710   1.024000e-02
2122.227610   1.061000e-02
2121.060500   1.091000e-02
2119.893400   1.115000e-02
2118.726300   1.130000e-02
2117.559190   1.143000e-02
2116.392090   1.142000e-02
2115.224980   1.141000e-02
2114.057880   1.120000e-02
2112.890770   1.084000e-02
2111.723670   1.044000e-02
2110.556560   9.840000e-03
2109.389460   9.280000e-03
2108.222350   8.500000e-03
2107.055250   7.830000e-03
2105.888140   6.960000e-03
2104.721040   6.210000e-03
2103.553930   5.430000e-03
2102.386830   4.700000e-03
2101.219730   4.050000e-03
2100.052620   3.470000e-03
2098.885520   2.960000e-03
2097.718410   2.640000e-03
2096.551310   2.420000e-03
2095.384200   2.290000e-03
2094.217100   2.280000e-03
2093.049990   2.290000e-03
2091.882890   2.470000e-03
2090.715780   2.610000e-03
2089.548680   2.970000e-03
2088.381570   3.210000e-03
2087.214470   3.630000e-03
2086.047360   3.940000e-03
2084.880260   4.380000e-03
2083.713160   4.820000e-03
2082.546050   5.350000e-03
2081.378950   5.860000e-03
2080.211840   6.380000e-03
2079.044740   6.940000e-03
2077.877630   7.490000e-03
2076.710530   8.040000e-03
2075.543420   8.560000e-03
2074.376320   9.120000e-03
2073.209210   9.620000e-03
2072.042110   1.014000e-02
2070.875000   1.048000e-02
2069.707900   1.084000e-02
2068.540790   1.110000e-02
2067.373690   1.129000e-02
2066.206590   1.131000e-02
2065.039480   1.142000e-02
2063.872380   1.118000e-02
2062.705270   1.096000e-02
2061.538170   1.064000e-02
2060.371060   1.019000e-02
2059.203960   9.650000e-03
2058.036850   9.040000e-03
2056.869750   8.400000e-03
2055.702640   7.640000e-03
2054.535540   6.950000e-03
2053.368430   6.200000e-03
2052.201330   5.470000e-03
2051.034220   4.640000e-03
2049.867120   4.000000e-03
2048.700020   3.330000e-03
2047.532910   2.850000e-03
2046.365810   2.340000e-03
2045.198700   1.980000e-03
2044.031600   1.560000e-03
2042.864490   1.290000e-03
2041.697390   1.040000e-03
2040.530280   8.949660e-04
2039.363180   7.641300e-04
2038.196070   6.391320e-04
2037.028970   5.580850e-04
2035.861860   4.359480e-04
2034.694760   4.405440e-04
2033.527650   2.855810e-04
2032.360550   2.528490e-04
2031.193450   1.613560e-04
2030.026340   1.268470e-04
2028.859240   5.053440e-05
2027.692130   8.362090e-05
2026.525030   6.783160e-06
2025.357920   -1.260380e-04
2024.190820   -1.521750e-04
2023.023710   -2.031010e-04
2021.856610   -2.734270e-04
2020.689500   -3.507540e-04
2019.522400   -4.120250e-04
2018.355290   -5.185440e-04
2017.188190   -4.593810e-04
2016.021080   -6.239050e-04
2014.853980   -6.083480e-04
2013.686880   -6.904340e-04
2012.519770   -6.449200e-04
2011.352670   -7.061620e-04
2010.185560   -6.335380e-04
2009.018460   -6.736250e-04
2007.851350   -5.812900e-04
2006.684250   -5.702890e-04
2005.517140   -4.788430e-04
2004.350040   -4.072210e-04
2003.182930   -3.762170e-04
2002.015830   -1.845230e-04
2000.848720   -1.053220e-04
1999.681620   4.242420e-05
1998.514510   1.477140e-04
1997.347410   3.987850e-04
1996.180300   4.400470e-04
1995.013200   6.693310e-04
1993.846100   8.087560e-04
1992.678990   1.030000e-03
1991.511890   1.240000e-03
1990.344780   1.400000e-03
1989.177680   1.640000e-03
1988.010570   1.920000e-03
1986.843470   2.180000e-03
1985.676360   2.420000e-03
1984.509260   2.740000e-03
1983.342150   3.010000e-03
1982.175050   3.330000e-03
1981.007940   3.520000e-03
1979.840840   3.830000e-03
1978.673730   4.050000e-03
1977.506630   4.170000e-03
1976.339530   4.220000e-03
1975.172420   4.250000e-03
1974.005320   4.030000e-03
1972.838210   3.800000e-03
1971.671110   3.330000e-03
1970.504000   2.850000e-03
1969.336900   2.230000e-03
1968.169790   1.520000e-03
1967.002690   8.638180e-04
1965.835580   1.700410e-04
1964.668480   -3.643250e-04
1963.501370   -9.991760e-04
1962.334270   -1.330000e-03
1961.167160   -1.740000e-03
1960.000060   -1.930000e-03
1958.832960   -2.200000e-03
1957.665850   -2.250000e-03
1956.498750   -2.370000e-03
1955.331640   -2.430000e-03
1954.164540   -2.430000e-03
1952.997430   -2.410000e-03
1951.830330   -2.430000e-03
1950.663220   -2.390000e-03
1949.496120   -2.320000e-03
1948.329010   -2.250000e-03
1947.161910   -2.110000e-03
1945.994800   -2.060000e-03
1944.827700   -1.920000e-03
1943.660590   -1.850000e-03
1942.493490   -1.650000e-03
1941.326390   -1.570000e-03
1940.159280   -1.430000e-03
1938.992180   -1.310000e-03
1937.825070   -1.180000e-03
1936.657970   -1.080000e-03
1935.490860   -9.775790e-04
1934.323760   -8.976860e-04
1933.156650   -8.094030e-04
1931.989550   -6.542440e-04
1930.822440   -6.160730e-04
1929.655340   -5.425760e-04
1928.488230   -5.364120e-04
1927.321130   -4.883130e-04
1926.154020   -4.788330e-04
1924.986920   -4.697120e-04
1923.819820   -5.726740e-04
1922.652710   -5.785910e-04
1921.485610   -6.884150e-04
1920.318500   -8.188860e-04
1919.151400   -1.030000e-03
1917.984290   -1.240000e-03
1916.817190   -1.520000e-03
1915.650080   -1.820000e-03
1914.482980   -2.120000e-03
1913.315870   -2.350000e-03
1912.148770   -2.620000e-03
1910.981660   -2.870000e-03
1909.814560   -2.990000e-03
1908.647450   -3.220000e-03
1907.480350   -3.220000e-03
1906.313250   -3.340000e-03
1905.146140   -3.370000e-03
1903.979040   -3.420000e-03
1902.811930   -3.390000e-03
1901.644830   -3.470000e-03
1900.477720   -3.370000e-03
1899.310620   -3.460000e-03
1898.143510   -3.470000e-03
1896.976410   -3.440000e-03
1895.809300   -3.430000e-03
1894.642200   -3.410000e-03
1893.475090   -3.420000e-03
1892.307990   -3.390000e-03
1891.140880   -3.430000e-03
1889.973780   -3.370000e-03
1888.806680   -3.410000e-03
1887.639570   -3.340000e-03
1886.472470   -3.360000e-03
1885.305360   -3.270000e-03
1884.138260   -3.340000e-03
1882.971150   -3.260000e-03
1881.804050   -3.260000e-03
1880.636940   -3.240000e-03
1879.469840   -3.170000e-03
1878.302730   -3.150000e-03
1877.135630   -3.070000e-03
1875.968520   -3.080000e-03
1874.801420   -3.020000e-03
1873.634310   -3.000000e-03
1872.467210   -2.880000e-03
1871.300100   -2.880000e-03
1870.133000   -2.760000e-03
1868.965900   -2.760000e-03
1867.798790   -2.610000e-03
1866.631690   -2.600000e-03
1865.464580   -2.490000e-03
1864.297480   -2.440000e-03
1863.130370   -2.340000e-03
1861.963270   -2.230000e-03
1860.796160   -2.180000e-03
1859.629060   -2.100000e-03
1858.461950   -1.980000e-03
1857.294850   -1.860000e-03
1856.127740   -1.750000e-03
1854.960640   -1.600000e-03
1853.793530   -1.470000e-03
1852.626430   -1.300000e-03
1851.459330   -1.170000e-03
1850.292220   -9.490150e-04
1849.125120   -8.331300e-04
1847.958010   -5.683320e-04
1846.790910   -3.858520e-04
1845.623800   -1.206040e-04
1844.456700   1.444240e-04
1843.289590   4.429160e-04
1842.122490   7.201190e-04
1840.955380   1.080000e-03
1839.788280   1.410000e-03
1838.621170   1.800000e-03
1837.454070   2.200000e-03
1836.286960   2.600000e-03
1835.119860   3.100000e-03
1833.952760   3.540000e-03
1832.785650   4.020000e-03
1831.618550   4.540000e-03
1830.451440   5.130000e-03
1829.284340   5.640000e-03
1828.117230   6.230000e-03
1826.950130   6.750000e-03
1825.783020   7.380000e-03
1824.615920   7.950000e-03
1823.448810   8.550000e-03
1822.281710   9.090000e-03
1821.114600   9.690000e-03
1819.947500   1.028000e-02
1818.780390   1.078000e-02
1817.613290   1.142000e-02
1816.446190   1.185000e-02
1815.279080   1.234000e-02
1814.111980   1.271000e-02
1812.944870   1.316000e-02
1811.777770   1.342000e-02
1810.610660   1.375000e-02
1809.443560   1.397000e-02
1808.276450   1.415000e-02
1807.109350   1.423000e-02
1805.942240   1.433000e-02
1804.775140   1.440000e-02
1803.608030   1.437000e-02
1802.440930   1.438000e-02
1801.273820   1.433000e-02
1800.106720   1.432000e-02
1798.939620   1.424000e-02
1797.772510   1.426000e-02
1796.605410   1.418000e-02
1795.438300   1.428000e-02
1794.271200   1.426000e-02
1793.104090   1.439000e-02
1791.936990   1.449000e-02
1790.769880   1.470000e-02
1789.602780   1.489000e-02
1788.435670   1.522000e-02
1787.268570   1.553000e-02
1786.101460   1.594000e-02
1784.934360   1.639000e-02
1783.767250   1.677000e-02
1782.600150   1.737000e-02
1781.433050   1.794000e-02
1780.265940   1.861000e-02
1779.098840   1.921000e-02
1777.931730   2.000000e-02
1776.764630   2.074000e-02
1775.597520   2.161000e-02
1774.430420   2.244000e-02
1773.263310   2.346000e-02
1772.096210   2.442000e-02
1770.929100   2.560000e-02
1769.762000   2.678000e-02
1768.594890   2.804000e-02
1767.427790   2.949000e-02
1766.260680   3.090000e-02
1765.093580   3.258000e-02
1763.926480   3.433000e-02
1762.759370   3.636000e-02
1761.592270   3.841000e-02
1760.425160   4.086000e-02
1759.258060   4.339000e-02
1758.090950   4.636000e-02
1756.923850   4.956000e-02
1755.756740   5.330000e-02
1754.589640   5.740000e-02
1753.422530   6.221000e-02
1752.255430   6.773000e-02
1751.088320   7.406000e-02
1749.921220   8.163000e-02
1748.754110   9.058000e-02
1747.587010   1.016400e-01
1746.419900   1.155100e-01
1745.252800   1.342200e-01
1744.085700   1.610600e-01
1742.918590   2.052000e-01
1741.751490   2.826500e-01
1740.584380   4.027700e-01
1739.417280   5.390800e-01
1738.250170   6.638700e-01
1737.083070   7.734600e-01
1735.915960   8.727400e-01
1734.748860   9.644500e-01
1733.581750   1.051050e+00
1732.414650   1.131730e+00
1731.247540   1.205250e+00
1730.080440   1.272110e+00
1728.913330   1.328970e+00
1727.746230   1.376460e+00
1726.579130   1.413460e+00
1725.412020   1.439350e+00
1724.244920   1.454920e+00
1723.077810   1.459400e+00
1721.910710   1.454070e+00
1720.743600   1.439200e+00
1719.576500   1.413790e+00
1718.409390   1.380930e+00
1717.242290   1.339870e+00
1716.075180   1.291660e+00
1714.908080   1.235880e+00
1713.740970   1.176430e+00
1712.573870   1.110520e+00
1711.406760   1.040840e+00
1710.239660   9.680200e-01
1709.072560   8.922200e-01
1707.905450   8.147400e-01
1706.738350   7.359700e-01
1705.571240   6.569600e-01
1704.404140   5.780200e-01
1703.237030   4.993400e-01
1702.069930   4.214400e-01
1700.902820   3.449500e-01
1699.735720   2.713500e-01
1698.568610   2.042900e-01
1697.401510   1.480200e-01
1696.234400   1.057400e-01
1695.067300   7.706000e-02
1693.900190   5.937000e-02
1692.733090   4.899000e-02
1691.565990   4.319000e-02
1690.398880   4.044000e-02
1689.231780   3.950000e-02
1688.064670   3.996000e-02
1686.897570   4.114000e-02
1685.730460   4.272000e-02
1684.563360   4.429000e-02
1683.396250   4.570000e-02
1682.229150   4.644000e-02
1681.062040   4.636000e-02
1679.894940   4.540000e-02
1678.727830   4.346000e-02
1677.560730   4.071000e-02
1676.393620   3.733000e-02
1675.226520   3.348000e-02
1674.059420   2.956000e-02
1672.892310   2.567000e-02
1671.725210   2.194000e-02
1670.558100   1.861000e-02
1669.391000   1.561000e-02
1668.223890   1.310000e-02
1667.056790   1.075000e-02
1665.889680   8.840000e-03
1664.722580   6.950000e-03
1663.555470   5.420000e-03
1662.388370   3.980000e-03
1661.221260   2.840000e-03
1660.054160   1.830000e-03
1658.887050   1.170000e-03
1657.719950   5.952400e-04
1656.552850   3.179460e-04
1655.385740   1.424310e-04
1654.218640   -5.244630e-05
1653.051530   -7.388350e-05
1651.884430   -7.067660e-05
1650.717320   4.076090e-05
1649.550220   1.294060e-05
1648.383110   1.323470e-04
1647.216010   1.143430e-04
1646.048900   2.521500e-04
1644.881800   2.404090e-04
1643.714690   3.335730e-04
1642.547590   3.380790e-04
1641.380480   4.012420e-04
1640.213380   4.194910e-04
1639.046280   4.313000e-04
1637.879170   4.997220e-04
1636.712070   4.970770e-04
1635.544960   5.305690e-04
1634.377860   5.512150e-04
1633.210750   6.068580e-04
1632.043650   4.731880e-04
1630.876540   6.051850e-04
1629.709440   4.941170e-04
1628.542330   5.909960e-04
1627.375230   5.409920e-04
1626.208120   6.291060e-04
1625.041020   5.218720e-04
1623.873910   5.798700e-04
1622.706810   5.667210e-04
1621.539700   5.722070e-04
1620.372600   6.059540e-04
1619.205500   5.106020e-04
1618.038390   5.792670e-04
1616.871290   4.591820e-04
1615.704180   4.637430e-04
1614.537080   3.587990e-04
1613.369970   4.385310e-04
1612.202870   3.273130e-04
1611.035760   3.739600e-04
1609.868660   2.620680e-04
1608.701550   2.569950e-04
1607.534450   2.009200e-04
1606.367340   1.571250e-04
1605.200240   1.188880e-04
1604.033130   1.225900e-04
1602.866030   5.519040e-05
1601.698930   7.525630e-06
1600.531820   5.889050e-05
1599.364720   -6.837700e-05
1598.197610   -4.311500e-05
1597.030510   -1.293120e-04
1595.863400   -7.670340e-05
1594.696300   -2.127380e-04
1593.529190   -1.690380e-04
1592.362090   -2.236870e-04
1591.194980   -1.916150e-04
1590.027880   -2.049260e-04
1588.860770   -1.933840e-04
1587.693670   -1.534130e-04
1586.526560   -1.224540e-04
1585.359460   -1.377570e-04
1584.192360   -1.203690e-04
1583.025250   -1.004390e-04
1581.858150   -8.937420e-05
1580.691040   -4.034710e-05
1579.523940   -7.638790e-05
1578.356830   -3.723220e-05
1577.189730   -3.352590e-05
1576.022620   2.858090e-05
1574.855520   -3.511440e-05
1573.688410   4.023420e-05
1572.521310   6.433720e-06
1571.354200   9.911120e-05
1570.187100   1.377670e-05
1569.019990   4.687900e-05
1567.852890   2.884040e-05
1566.685790   3.280540e-05
1565.518680   4.611320e-05
1564.351580   1.814130e-05
1563.184470   2.119910e-05
1562.017370   -4.617580e-05
1560.850260   -8.847610e-05
1559.683160   -1.884990e-04
1558.516050   -2.139380e-04
1557.348950   -3.659060e-04
1556.181840   -5.037780e-04
1555.014740   -7.705890e-04
1553.847630   -1.040000e-03
1552.680530   -1.350000e-03
1551.513420   -1.330000e-03
1550.346320   -1.210000e-03
1549.179220   -9.336320e-04
1548.012110   -6.310940e-04
1546.845010   -3.643120e-04
1545.677900   -1.993520e-04
1544.510800   -8.090650e-05
1543.343690   3.037910e-05
1542.176590   -1.301620e-05
1541.009480   6.205770e-05
1539.842380   2.164070e-06
1538.675270   1.358320e-04
1537.508170   1.861090e-04
1536.341060   3.216590e-04
1535.173960   3.697850e-04
1534.006850   3.974140e-04
1532.839750   3.775960e-04
1531.672650   2.938050e-04
1530.505540   6.388820e-05
1529.338440   -1.724630e-04
1528.171330   -1.926010e-04
1527.004230   -5.518270e-05
1525.837120   2.176510e-04
1524.670020   4.627060e-04
1523.502910   8.632070e-04
1522.335810   1.180000e-03
1521.168700   1.550000e-03
1520.001600   1.740000e-03
1518.834490   1.980000e-03
1517.667390   2.090000e-03
1516.500280   2.230000e-03
1515.333180   2.320000e-03
1514.166080   2.460000e-03
1512.998970   2.530000e-03
1511.831870   2.650000e-03
1510.664760   2.810000e-03
1509.497660   2.950000e-03
1508.330550   3.150000e-03
1507.163450   3.210000e-03
1505.996340   3.440000e-03
1504.829240   3.510000e-03
1503.662130   3.800000e-03
1502.495030   3.890000e-03
1501.327920   4.110000e-03
1500.160820   4.240000e-03
1498.993710   4.520000e-03
1497.826610   4.660000e-03
1496.659500   4.950000e-03
1495.492400   5.170000e-03
1494.325300   5.550000e-03
1493.158190   5.890000e-03
1491.991090   6.320000e-03
1490.823980   6.830000e-03
1489.656880   7.380000e-03
1488.489770   8.180000e-03
1487.322670   8.960000e-03
1486.155560   1.003000e-02
1484.988460   1.116000e-02
1483.821350   1.272000e-02
1482.654250   1.441000e-02
1481.487140   1.654000e-02
1480.320040   1.887000e-02
1479.152930   2.189000e-02
1477.985830   2.521000e-02
1476.818730   2.915000e-02
1475.651620   3.355000e-02
1474.484520   3.850000e-02
1473.317410   4.387000e-02
1472.150310   4.962000e-02
1470.983200   5.576000e-02
1469.816100   6.203000e-02
1468.648990   6.845000e-02
1467.481890   7.484000e-02
1466.314780   8.116000e-02
1465.147680   8.720000e-02
1463.980570   9.307000e-02
1462.813470   9.843000e-02
1461.646360   1.034300e-01
1460.479260   1.077600e-01
1459.312160   1.118200e-01
1458.145050   1.153200e-01
1456.977950   1.187500e-01
1455.810840   1.220800e-01
1454.643740   1.254200e-01
1453.476630   1.285800e-01
1452.309530   1.311500e-01
1451.142420   1.328200e-01
1449.975320   1.328400e-01
1448.808210   1.308900e-01
1447.641110   1.264900e-01
1446.474000   1.198400e-01
1445.306900   1.112800e-01
1444.139790   1.027200e-01
1442.972690   9.633000e-02
1441.805590   9.519000e-02
1440.638480   1.003000e-01
1439.471380   1.107100e-01
1438.304270   1.236200e-01
1437.137170   1.355600e-01
1435.970060   1.439400e-01
1434.802960   1.470800e-01
1433.635850   1.446500e-01
1432.468750   1.370000e-01
1431.301640   1.254100e-01
1430.134540   1.111000e-01
1428.967430   9.562000e-02
1427.800330   7.970000e-02
1426.633220   6.456000e-02
1425.466120   5.044000e-02
1424.299020   3.791000e-02
1423.131910   2.694000e-02
1421.964810   1.793000e-02
1420.797700   1.086000e-02
1419.630600   5.750000e-03
1418.463490   2.490000e-03
1417.296390   7.733100e-04
1416.129280   1.057810e-04
1414.962180   6.391270e-06
1413.795070   4.389080e-04
1412.627970   1.020000e-03
1411.460860   1.960000e-03
1410.293760   3.050000e-03
1409.126650   4.580000e-03
1407.959550   6.230000e-03
1406.792450   8.220000e-03
1405.625340   1.033000e-02
1404.458240   1.282000e-02
1403.291130   1.546000e-02
1402.124030   1.823000e-02
1400.956920   2.106000e-02
1399.789820   2.386000e-02
1398.622710   2.663000e-02
1397.455610   2.924000e-02
1396.288500   3.182000e-02
1395.121400   3.412000e-02
1393.954290   3.634000e-02
1392.787190   3.827000e-02
1391.620080   4.003000e-02
1390.452980   4.136000e-02
1389.285880   4.257000e-02
1388.118770   4.338000e-02
1386.951670   4.408000e-02
1385.784560   4.443000e-02
1384.617460   4.464000e-02
1383.450350   4.451000e-02
1382.283250   4.407000e-02
1381.116140   4.338000e-02
1379.949040   4.216000e-02
1378.781930   4.068000e-02
1377.614830   3.863000e-02
1376.447720   3.639000e-02
1375.280620   3.366000e-02
1374.113510   3.071000e-02
1372.946410   2.746000e-02
1371.779300   2.421000e-02
1370.612200   2.078000e-02
1369.445100   1.754000e-02
1368.277990   1.431000e-02
1367.110890   1.144000e-02
1365.943780   8.830000e-03
1364.776680   6.590000e-03
1363.609570   4.710000e-03
1362.442470   3.250000e-03
1361.275360   2.090000e-03
1360.108260   1.240000e-03
1358.941150   6.918130e-04
1357.774050   2.224930e-04
1356.606940   1.028750e-04
1355.439840   -9.200180e-05
1354.272730   -7.075150e-05
1353.105630   -1.221390e-04
1351.938530   -1.512540e-05
1350.771420   -1.430930e-05
1349.604320   -1.027810e-05
1348.437210   -1.939280e-05
1347.270110   -8.117410e-05
1346.103000   -2.176710e-04
1344.935900   -3.614850e-04
1343.768790   -4.808680e-04
1342.601690   -6.418000e-04
1341.434580   -7.661100e-04
1340.267480   -9.322840e-04
1339.100370   -1.040000e-03
1337.933270   -1.190000e-03
1336.766160   -1.240000e-03
1335.599060   -1.470000e-03
1334.431960   -1.480000e-03
1333.264850   -1.450000e-03
1332.097750   -1.410000e-03
1330.930640   -1.480000e-03
1329.763540   -1.500000e-03
1328.596430   -1.580000e-03
1327.429330   -1.610000e-03
1326.262220   -1.610000e-03
1325.095120   -1.680000e-03
1323.928010   -1.650000e-03
1322.760910   -1.750000e-03
1321.593800   -1.690000e-03
1320.426700   -1.750000e-03
1319.259590   -1.710000e-03
1318.092490   -1.760000e-03
1316.925390   -1.680000e-03
1315.758280   -1.690000e-03
1314.591180   -1.570000e-03
1313.424070   -1.610000e-03
1312.256970   -1.470000e-03
1311.089860   -1.380000e-03
1309.922760   -1.340000e-03
1308.755650   -1.250000e-03
1307.588550   -1.160000e-03
1306.421440   -9.582310e-04
1305.254340   -8.547840e-04
1304.087230   -6.573630e-04
1302.920130   -5.778520e-04
1301.753020   -2.788440e-04
1300.585920   -1.807480e-04
1299.418820   1.433650e-04
1298.251710   2.966310e-04
1297.084610   6.509180e-04
1295.917500   9.210140e-04
1294.750400   1.310000e-03
1293.583290   1.620000e-03
1292.416190   2.020000e-03
1291.249080   2.410000e-03
1290.081980   2.920000e-03
1288.914870   3.370000e-03
1287.747770   3.870000e-03
1286.580660   4.470000e-03
1285.413560   4.960000e-03
1284.246450   5.630000e-03
1283.079350   6.250000e-03
1281.912250   7.020000e-03
1280.745140   7.710000e-03
1279.578040   8.480000e-03
1278.410930   9.280000e-03
1277.243830   1.020000e-02
1276.076720   1.113000e-02
1274.909620   1.214000e-02
1273.742510   1.317000e-02
1272.575410   1.428000e-02
1271.408300   1.545000e-02
1270.241200   1.669000e-02
1269.074090   1.809000e-02
1267.906990   1.941000e-02
1266.739880   2.102000e-02
1265.572780   2.252000e-02
1264.405680   2.435000e-02
1263.238570   2.612000e-02
1262.071470   2.826000e-02
1260.904360   3.040000e-02
1259.737260   3.285000e-02
1258.570150   3.547000e-02
1257.403050   3.841000e-02
1256.235940   4.163000e-02
1255.068840   4.530000e-02
1253.901730   4.946000e-02
1252.734630   5.414000e-02
1251.567520   5.961000e-02
1250.400420   6.580000e-02
1249.233310   7.323000e-02
1248.066210   8.185000e-02
1246.899100   9.225000e-02
1245.732000   1.044600e-01
1244.564900   1.194900e-01
1243.397790   1.375400e-01
1242.230690   1.595100e-01
1241.063580   1.856300e-01
1239.896480   2.160500e-01
1238.729370   2.499900e-01
1237.562270   2.863400e-01
1236.395160   3.235900e-01
1235.228060   3.607200e-01
1234.060950   3.965300e-01
1232.893850   4.308400e-01
1231.726740   4.636600e-01
1230.559640   4.949300e-01
1229.392530   5.249700e-01
1228.225430   5.538900e-01
1227.058330   5.819900e-01
1225.891220   6.095600e-01
1224.724120   6.371000e-01
1223.557010   6.646800e-01
1222.389910   6.928700e-01
1221.222800   7.214500e-01
1220.055700   7.509400e-01
1218.888590   7.803400e-01
1217.721490   8.092900e-01
1216.554380   8.365300e-01
1215.387280   8.613700e-01
1214.220170   8.820200e-01
1213.053070   8.966800e-01
1211.885960   9.049500e-01
1210.718860   9.035000e-01
1209.551760   8.925200e-01
1208.384650   8.684700e-01
1207.217550   8.315600e-01
1206.050440   7.794600e-01
1204.883340   7.119500e-01
1203.716230   6.294200e-01
1202.549130   5.343600e-01
1201.382020   4.309700e-01
1200.214920   3.267800e-01
1199.047810   2.306200e-01
1197.880710   1.504500e-01
1196.713600   9.066000e-02
1195.546500   5.007000e-02
1194.379390   2.525000e-02
1193.212290   1.106000e-02
1192.045190   3.870000e-03
1190.878080   6.752220e-04
1189.710980   -5.800000e-05
1188.543870   5.735440e-04
1187.376770   2.840000e-03
1186.209660   6.550000e-03
1185.042560   1.259000e-02
1183.875450   2.253000e-02
1182.708350   3.950000e-02
1181.541240   6.859000e-02
1180.374140   1.139400e-01
1179.207030   1.742900e-01
1178.039930   2.416600e-01
1176.872820   3.081900e-01
1175.705720   3.697600e-01
1174.538620   4.261300e-01
1173.371510   4.763100e-01
1172.204410   5.207500e-01
1171.037300   5.585200e-01
1169.870200   5.899100e-01
1168.703090   6.145200e-01
1167.535990   6.319800e-01
1166.368880   6.421000e-01
1165.201780   6.453100e-01
1164.034670   6.421500e-01
1162.867570   6.340900e-01
1161.700460   6.217900e-01
1160.533360   6.061800e-01
1159.366250   5.888800e-01
1158.199150   5.707000e-01
1157.032050   5.513200e-01
1155.864940   5.296000e-01
1154.697840   5.048100e-01
1153.530730   4.757200e-01
1152.363630   4.404400e-01
1151.196520   3.985600e-01
1150.029420   3.496400e-01
1148.862310   2.948600e-01
1147.695210   2.370000e-01
1146.528100   1.802200e-01
1145.361000   1.303700e-01
1144.193890   9.016000e-02
1143.026790   5.996000e-02
1141.859680   3.897000e-02
1140.692580   2.459000e-02
1139.525480   1.510000e-02
1138.358370   8.410000e-03
1137.191270   3.980000e-03
1136.024160   1.210000e-03
1134.857060   -5.837860e-04
1133.689950   -2.050000e-03
1132.522850   -2.560000e-03
1131.355740   -3.120000e-03
1130.188640   -3.040000e-03
1129.021530   -3.020000e-03
1127.854430   -2.730000e-03
1126.687320   -2.530000e-03
1125.520220   -1.990000e-03
1124.353110   -1.540000e-03
1123.186010   -1.160000e-03
1122.018900   -7.395850e-04
1120.851800   -4.582460e-04
1119.684700   5.280030e-05
1118.517590   2.274550e-04
1117.350490   6.737970e-04
1116.183380   1.010000e-03
1115.016280   1.540000e-03
1113.849170   1.790000e-03
1112.682070   2.470000e-03
1111.514960   3.050000e-03
1110.347860   3.270000e-03
1109.180750   3.380000e-03
1108.013650   3.700000e-03
1106.846540   3.940000e-03
1105.679440   4.050000e-03
1104.512330   4.130000e-03
1103.345230   4.340000e-03
1102.178130   4.430000e-03
1101.011020   4.400000e-03
1099.843920   4.440000e-03
1098.676810   4.540000e-03
1097.509710   4.580000e-03
1096.342600   4.560000e-03
1095.175500   4.820000e-03
1094.008390   4.730000e-03
1092.841290   4.810000e-03
1091.674180   4.830000e-03
1090.507080   4.960000e-03
1089.339970   4.920000e-03
1088.172870   5.050000e-03
1087.005760   5.130000e-03
1085.838660   5.010000e-03
1084.671560   5.130000e-03
1083.504450   5.120000e-03
1082.337350   5.340000e-03
1081.170240   5.100000e-03
1080.003140   5.260000e-03
1078.836030   5.230000e-03
1077.668930   5.280000e-03
1076.501820   5.230000e-03
1075.334720   5.250000e-03
1074.167610   5.290000e-03
1073.000510   5.350000e-03
1071.833400   5.180000e-03
1070.666300   5.200000e-03
1069.499190   5.210000e-03
1068.332090   5.140000e-03
1067.164990   5.180000e-03
1065.997880   5.130000e-03
1064.830780   5.090000e-03
1063.663670   5.000000e-03
1062.496570   5.180000e-03
1061.329460   5.050000e-03
1060.162360   5.250000e-03
1058.995250   5.100000e-03
1057.828150   5.270000e-03
1056.661040   5.270000e-03
1055.493940   5.580000e-03
1054.326830   5.730000e-03
1053.159730   5.990000e-03
1051.992620   6.400000e-03
1050.825520   6.790000e-03
1049.658420   7.360000e-03
1048.491310   7.930000e-03
1047.324210   8.570000e-03
1046.157100   9.210000e-03
1044.990000   1.020000e-02
1043.822890   1.097000e-02
1042.655790   1.182000e-02
1041.488680   1.246000e-02
1040.321580   1.324000e-02
1039.154470   1.383000e-02
1037.987370   1.431000e-02
1036.820260   1.475000e-02
1035.653160   1.499000e-02
1034.486050   1.509000e-02
1033.318950   1.511000e-02
1032.151850   1.499000e-02
1030.984740   1.447000e-02
1029.817640   1.398000e-02
1028.650530   1.300000e-02
1027.483430   1.212000e-02
1026.316320   1.090000e-02
1025.149220   9.710000e-03
1023.982110   8.410000e-03
1022.815010   7.200000e-03
1021.647900   5.880000e-03
1020.480800   4.830000e-03
1019.313690   3.800000e-03
1018.146590   3.100000e-03
1016.979480   2.440000e-03
1015.812380   1.920000e-03
1014.645280   1.570000e-03
1013.478170   1.320000e-03
1012.311070   1.150000e-03
1011.143960   9.665640e-04
1009.976860   9.594370e-04
1008.809750   7.309240e-04
1007.642650   7.725370e-04
1006.475540   4.837640e-04
1005.308440   4.500950e-04
1004.141330   2.562620e-04
1002.974230   2.784670e-04
1001.807120   1.292710e-04
1000.640020   9.133650e-05
999.472910    1.588570e-05
998.305810    -1.047630e-05
997.138700    -6.348490e-05
995.971600    1.614540e-05
994.804500    2.912970e-05
993.637390    -7.912110e-05
992.470290    1.932650e-05
991.303180    -4.238950e-05
990.136080    4.189760e-05
988.968970    -3.783440e-05
987.801870    9.383780e-05
986.634760    -2.609100e-06
985.467660    9.467080e-05
984.300550    4.749810e-05
983.133450    8.275060e-05
981.966340    1.368660e-04
980.799240    1.939850e-04
979.632130    1.832730e-04
978.465030    1.441330e-04
977.297930    1.558800e-04
976.130820    2.064570e-04
974.963720    1.571450e-04
973.796610    6.941510e-05
972.629510    1.521930e-04
971.462400    8.235440e-05
970.295300    4.524170e-05
969.128190    -5.431920e-05
967.961090    -1.126360e-04
966.793980    -1.743060e-04
965.626880    -1.380280e-04
964.459770    -2.669470e-04
963.292670    -2.355090e-04
962.125560    -4.090610e-04
960.958460    -3.875710e-04
959.791360    -3.518790e-04
958.624250    -4.370930e-04
957.457150    -4.445390e-04
956.290040    -4.444690e-04
955.122940    -3.456520e-04
953.955830    -4.005980e-04
952.788730    -1.953450e-04
951.621620    -1.728720e-04
950.454520    -1.690430e-05
949.287410    9.595120e-05
948.120310    2.574610e-04
946.953200    4.457190e-04
945.786100    7.061180e-04
944.618990    9.992450e-04
943.451890    1.250000e-03
942.284790    1.580000e-03
941.117680    1.850000e-03
939.950580    2.300000e-03
938.783470    2.730000e-03
937.616370    3.350000e-03
936.449260    3.880000e-03
935.282160    4.620000e-03
934.115050    5.420000e-03
932.947950    6.800000e-03
931.780840    8.340000e-03
930.613740    1.073000e-02
929.446630    1.398000e-02
928.279530    1.877000e-02
927.112420    2.532000e-02
925.945320    3.465000e-02
924.778220    4.652000e-02
923.611110    6.133000e-02
922.444010    7.892000e-02
921.276900    9.847000e-02
920.109800    1.191900e-01
918.942690    1.397200e-01
917.775590    1.596900e-01
916.608480    1.782700e-01
915.441380    1.949300e-01
914.274270    2.090600e-01
913.107170    2.202800e-01
911.940060    2.277100e-01
910.772960    2.311400e-01
909.605850    2.293800e-01
908.438750    2.223300e-01
907.271650    2.092700e-01
906.104540    1.907100e-01
904.937440    1.668400e-01
903.770330    1.394100e-01
902.603230    1.106000e-01
901.436120    8.254000e-02
900.269020    5.801000e-02
899.101910    3.834000e-02
897.934810    2.366000e-02
896.767700    1.391000e-02
895.600600    7.880000e-03
894.433490    3.850000e-03
893.266390    1.760000e-03
892.099280    3.309110e-04
890.932180    -8.160510e-06
889.765080    -6.771870e-04
888.597970    -9.449420e-04
887.430870    -9.950900e-04
886.263760    -7.298890e-04
885.096660    -6.205860e-04
883.929550    -5.899650e-04
882.762450    -2.866750e-04
881.595340    -2.510370e-04
880.428240    4.717160e-05
879.261130    1.359450e-04
878.094030    5.157810e-04
876.926920    4.749220e-04
875.759820    6.969870e-04
874.592710    7.973170e-04
873.425610    9.870600e-04
872.258500    1.080000e-03
871.091400    1.120000e-03
869.924300    1.170000e-03
868.757190    1.070000e-03
867.590090    1.250000e-03
866.422980    1.230000e-03
865.255880    1.250000e-03
864.088770    1.100000e-03
862.921670    1.160000e-03
861.754560    9.787800e-04
860.587460    1.170000e-03
859.420350    9.947760e-04
858.253250    9.369360e-04
857.086140    8.210970e-04
855.919040    8.588570e-04
854.751930    8.152620e-04
853.584830    6.474090e-04
852.417730    6.355300e-04
851.250620    5.575140e-04
850.083520    4.897800e-04
848.916410    3.744860e-04
847.749310    3.709300e-04
846.582200    1.437260e-04
845.415100    1.146270e-04
844.247990    4.373110e-05
843.080890    1.427890e-04
841.913780    3.881840e-05
840.746680    4.497570e-06
839.579570    -1.921740e-04
838.412470    -1.850780e-04
837.245360    -2.823230e-04
836.078260    -3.189960e-04
834.911160    -3.560050e-04
833.744050    -4.200920e-04
832.576950    -3.806400e-04
831.409840    -5.315380e-04
830.242740    -5.048480e-04
829.075630    -4.821710e-04
827.908530    -4.099180e-04
826.741420    -5.220840e-04
825.574320    -4.032180e-04
824.407210    -5.252420e-04
823.240110    -5.328300e-04
822.073000    -6.093990e-04
820.905900    -2.308870e-04
819.738790    -4.581120e-04
818.571690    -2.816600e-04
817.404590    -2.228190e-04
816.237480    -1.165150e-04
815.070380    -2.878290e-04
813.903270    -3.291620e-04
812.736170    -7.648090e-05
811.569060    -3.694030e-05
810.401960    3.126090e-05
809.234850    -3.685150e-05
808.067750    1.480820e-04
806.900640    7.685590e-05
805.733540    4.029340e-04
804.566430    3.638240e-04
803.399330    5.420310e-04
802.232220    4.060010e-04
801.065120    5.695420e-04
799.898020    8.003910e-04
798.730910    7.702390e-04
797.563810    9.189750e-04
796.396700    9.506050e-04
795.229600    1.050000e-03
794.062490    1.110000e-03
792.895390    1.230000e-03
791.728280    1.440000e-03
790.561180    1.570000e-03
789.394070    1.780000e-03
788.226970    2.000000e-03
787.059860    2.160000e-03
785.892760    2.750000e-03
784.725650    2.980000e-03
783.558550    3.420000e-03
782.391450    3.960000e-03
781.224340    4.850000e-03
780.057240    5.850000e-03
778.890130    7.340000e-03
777.723030    1.009000e-02
776.555920    1.645000e-02
775.388820    3.115000e-02
774.221710    5.358000e-02
773.054610    7.723000e-02
771.887500    9.738000e-02
770.720400    1.139600e-01
769.553290    1.258600e-01
768.386190    1.311900e-01
767.219080    1.223800e-01
766.051980    8.823000e-02
764.884880    3.191000e-02
763.717770    2.470000e-03
762.550670    -2.050000e-03
761.383560    -2.320000e-03
760.216460    -2.810000e-03
759.049350    -2.900000e-03
757.882250    -2.490000e-03
756.715140    -2.000000e-03
755.548040    -1.700000e-03
754.380930    -1.500000e-03
753.213830    -1.140000e-03
752.046720    -1.090000e-03
750.879620    -1.060000e-03
749.712510    -1.160000e-03
748.545410    -1.010000e-03
747.378300    -9.268000e-04
746.211200    -8.133650e-04
745.044100    -5.777190e-04
743.876990    -4.947570e-04
742.709890    -2.263220e-04
741.542780    -1.821530e-04
740.375680    -1.081670e-04
739.208570    -8.161160e-05
738.041470    2.191640e-04
736.874360    2.204970e-04
735.707260    3.401170e-04
734.540150    4.480750e-04
733.373050    5.544770e-04
732.205940    4.509420e-04
731.038840    6.672590e-04
729.871730    6.502440e-04
728.704630    5.928690e-04
727.537530    6.257940e-04
726.370420    7.040180e-04
725.203320    8.607320e-04
724.036210    7.695550e-04
722.869110    6.573360e-04
721.702000    9.075480e-04
720.534900    8.096450e-04
719.367790    1.030000e-03
718.200690    1.140000e-03
717.033580    9.888520e-04
715.866480    1.150000e-03
714.699370    1.250000e-03
713.532270    1.330000e-03
712.365160    1.130000e-03
711.198060    1.260000e-03
710.030960    1.180000e-03
708.863850    1.380000e-03
707.696750    1.300000e-03
706.529640    1.300000e-03
705.362540    1.230000e-03
704.195430    1.380000e-03
703.028330    1.240000e-03
701.861220    1.370000e-03
700.694120    1.470000e-03
699.527010    1.320000e-03
698.359910    1.470000e-03
697.192800    1.310000e-03
696.025700    1.320000e-03
694.858590    1.040000e-03
693.691490    1.240000e-03
692.524390    1.310000e-03
691.357280    1.130000e-03
690.190180    8.144610e-04
689.023070    8.140270e-04
687.855970    1.240000e-03
686.688860    9.435800e-04
685.521760    7.857780e-04
684.354650    7.387250e-04
683.187550    1.180000e-03
682.020440    6.166800e-04
680.853340    6.598200e-04
679.686230    7.339400e-04
678.519130    5.240790e-04
677.352020    3.983250e-04
676.184920    4.689560e-04
675.017820    5.307110e-04
673.850710    4.629920e-04
672.683610    5.002690e-04
671.516500    4.535780e-04
670.349400    3.342040e-04
669.182290    -2.817110e-04
668.015190    -2.680000e-03
666.848080    -2.612410e-04
665.680980    5.673910e-04
664.513870    6.148190e-04
663.346770    2.956600e-04
662.179660    5.705130e-04
661.012560    3.358230e-04
659.845450    3.391480e-04
658.678350    3.832890e-04
657.511250    3.337020e-04
656.344140    1.657620e-04
655.177040    -1.131300e-04
654.009930    3.317840e-04
652.842830    2.154810e-04
651.675720    -4.448080e-04
650.508620    -1.464740e-04
649.341510    -1.367950e-04
648.174410    -4.701620e-05
647.007300    -8.789030e-05
645.840200    -7.931340e-05
644.673090    4.068180e-05
643.505990    3.449440e-04
642.338880    1.133270e-04
641.171780    -2.088140e-04
640.004680    3.457560e-04
638.837570    1.202280e-05
637.670470    -1.969530e-04
636.503360    -1.413270e-04
635.336260    -8.903970e-04
634.169150    -4.658420e-04
633.002050    -8.395120e-04
631.834940    -2.308440e-04
630.667840    -4.668280e-04
629.500730    -2.471890e-04
628.333630    -2.758040e-04
627.166520    -2.956340e-04
625.999420    6.087880e-05
624.832310    -1.531650e-04
623.665210    2.863120e-05
622.498100    1.528400e-04
621.331000    -9.104950e-05
620.163900    -8.898320e-05
618.996790    -2.251510e-04
617.829690    -5.060020e-04
616.662580    -2.488590e-05
615.495480    -4.355570e-05
614.328370    1.523360e-04
613.161270    1.718100e-04
611.994160    2.456730e-04
610.827060    2.561550e-04
609.659950    3.764200e-04
608.492850    -7.541780e-04
607.325740    -2.444120e-04
606.158640    -2.187050e-04
604.991530    -7.909380e-04
603.824430    -4.729660e-07
602.657330    -4.924330e-04
601.490220    -4.270840e-04
600.323120    3.916050e-05
599.156010    4.439920e-04
597.988910    -8.437180e-05
596.821800    1.674520e-04
595.654700    6.635450e-04
594.487590    -4.055340e-04
593.320490    -6.667390e-04
592.153380    4.771510e-04
590.986280    -7.715460e-04
589.819170    3.740860e-04
588.652070    -2.750310e-04
587.484960    -1.210000e-03
586.317860    -8.635800e-04
585.150760    -2.760000e-03
583.983650    -8.655600e-04
582.816550    -8.504040e-04
581.649440    3.101640e-04
580.482340    -1.578160e-04
579.315230    -2.620000e-03
578.148130    -2.835050e-04
576.981020    -6.400820e-04
575.813920    2.580140e-04
574.646810    1.380000e-03
573.479710    1.120000e-03
572.312600    6.649440e-04
571.145500    1.420000e-03
569.978390    -1.400000e-03
568.811290    1.450000e-03
567.644190    3.950000e-03
566.477080    1.030000e-03
565.309980    2.220000e-03
564.142870    -1.914010e-04
562.975770    1.280000e-03
561.808660    5.100560e-04
560.641560    2.170000e-03
559.474450    -2.760000e-03
558.307350    8.820000e-03
557.140240    3.130000e-03
555.973140    -1.040000e-03
554.806030    6.080000e-03
553.638930    -3.340000e-03
552.471820    4.570000e-03
551.304720    -5.060780e-04
550.137620    5.590000e-03
548.970510    5.700000e-03
547.803410    3.830750e-04
546.636300    -3.160000e-03
545.469200    9.470000e-03
544.302090    4.570000e-03
543.134990    1.100000e-03
541.967880    -3.810000e-03
540.800780    -4.932190e-04
539.633670    2.530000e-03
538.466570    -6.620000e-03
537.299460    -4.426030e-04
536.132360    -3.371560e-04
534.965250    -2.710000e-03
533.798150    -9.186020e-04
532.631050    2.610000e-03
531.463940    -1.340000e-03
530.296840    1.740000e-03
529.129730    4.487690e-04
527.962630    3.808570e-04
526.795520    2.990000e-03
525.628420    1.260000e-03
524.461310    2.030000e-03
523.294210    -1.030000e-03
522.127100    -3.956060e-04
520.960000    -1.780000e-03
519.792890    2.240000e-03
518.625790    3.290000e-03
517.458680    2.600000e-03
516.291580    8.084840e-04
515.124480    1.460000e-03
513.957370    1.610000e-03
512.790270    2.120000e-03
511.623160    1.180000e-03
510.456060    -7.523460e-04
509.288950    7.656850e-04
508.121850    5.470000e-03
506.954740    4.500000e-03
505.787640    -1.070000e-03
504.620530    -6.766760e-05
503.453430    -2.360000e-03
502.286320    -4.966990e-05
501.119220    8.349600e-05
499.952110    4.790000e-03
