3746.273950   0.000000e+00
3736.082630   0.000000e+00
3725.893500   0.000000e+00
3715.704360   0.000000e+00
3705.515230   0.000000e+00
3695.327180   0.000000e+00
3685.136960   0.000000e+00
3674.947820   0.000000e+00
3664.758680   0.000000e+00
3654.572820   0.000000e+00
3644.384770   0.000000e+00
3634.197820   0.000000e+00
3624.010860   0.000000e+00
3613.826090   0.000000e+00
3603.641320   0.000000e+00
3593.458720   0.000000e+00
3583.272860   0.000000e+00
3573.090270   0.000000e+00
3562.905490   0.000000e+00
3552.721810   0.000000e+00
3542.532670   0.000000e+00
3532.343540   0.000000e+00
3522.154400   0.000000e+00
3511.965260   0.000000e+00
3501.781580   0.000000e+00
3491.595720   0.000000e+00
3481.415300   0.000000e+00
3471.230530   0.000000e+00
3461.050120   0.000000e+00
3450.865340   0.000000e+00
3440.679480   0.000000e+00
3429.739460   0.000000e+00
3421.195740   0.000000e+00
3416.067870   0.000000e+00
3411.538010   0.000000e+00
3411.504570   0.000000e+00
3409.028530   0.000000e+00
3405.253040   0.000000e+00
3404.012470   0.000000e+00
3401.505900   0.000000e+00
3398.361420   0.000000e+00
3396.489850   0.000000e+00
3390.924790   0.000000e+00
3382.547750   0.000000e+00
3374.247270   0.000000e+00
3369.761170   0.000000e+00
3364.630620   0.000000e+00
3360.772620   0.000000e+00
3355.634430   0.000000e+00
3349.476460   0.000000e+00
3344.092050   0.000000e+00
3333.883290   0.000000e+00
3323.696340   0.000000e+00
3313.526830   0.000000e+00
3303.361680   0.000000e+00
3293.194350   0.000000e+00
3283.028120   0.000000e+00
3272.869520   0.000000e+00
3262.715270   0.000000e+00
3252.561030   0.000000e+00
3242.398070   0.000000e+00
3232.229650   0.000000e+00
3222.059050   0.000000e+00
3209.972310   0.000000e+00
3201.685140   0.000000e+00
3191.487280   0.000000e+00
3181.291600   0.000000e+00
3171.093740   0.000000e+00
3160.896980   0.000000e+00
3150.704570   0.000000e+00
3140.512160   0.000000e+00
3130.326300   0.000000e+00
3120.141520   0.000000e+00
3109.964380   0.000000e+00
3099.791600   0.000000e+00
3089.621000   0.000000e+00
3079.449320   0.000000e+00
3069.273260   0.000000e+00
3059.093940   0.000000e+00
3048.909170   0.000000e+00
3038.721120   0.000000e+00
3028.531990   0.000000e+00
3018.334130   0.000000e+00
3008.135180   0.000000e+00
2997.937320   0.000000e+00
2987.742730   0.000000e+00
2977.559050   0.000000e+00
2967.375360   0.000000e+00
2957.189500   0.000000e+00
2947.000360   0.000000e+00
2936.809050   0.000000e+00
2926.613370   0.000000e+00
2916.415510   0.000000e+00
2906.218740   0.000000e+00
2896.021970   0.000000e+00
2885.830650   0.000000e+00
2875.641520   0.000000e+00
2865.452380   0.000000e+00
2855.266520   0.000000e+00
2845.078470   0.000000e+00
2834.887160   0.000000e+00
2823.849650   0.000000e+00
2814.512160   0.000000e+00
2804.315390   0.000000e+00
2794.120800   0.000000e+00
2783.928390   0.000000e+00
2773.731620   0.000000e+00
2763.534850   0.000000e+00
2753.338080   0.000000e+00
2743.138040   0.000000e+00
2732.940180   0.000000e+00
2722.740140   0.000000e+00
2712.541190   0.000000e+00
2702.340060   0.000000e+00
2692.137840   0.000000e+00
2681.935620   0.000000e+00
2671.732310   0.000000e+00
2661.526820   0.000000e+00
2651.321320   0.000000e+00
2641.119100   0.000000e+00
2630.914700   0.000000e+00
2620.709210   0.000000e+00
2610.504810   0.000000e+00
2600.302590   0.000000e+00
2590.098180   0.000000e+00
2579.894870   0.000000e+00
2569.692650   0.000000e+00
2559.490430   0.000000e+00
2549.288210   0.000000e+00
2539.085990   0.000000e+00
2528.885950   0.000000e+00
2518.684820   0.000000e+00
2508.483690   0.000000e+00
2498.281460   0.000000e+00
2488.080330   0.000000e+00
2477.880290   0.000000e+00
2467.681340   0.000000e+00
2457.485660   0.000000e+00
2447.288900   0.000000e+00
2437.092130   0.000000e+00
2426.900810   0.000000e+00
2416.704040   0.000000e+00
2406.513810   0.000000e+00
2396.315960   0.000000e+00
2386.126820   0.000000e+00
2375.946410   0.000000e+00
2365.759450   0.000000e+00
2355.582310   0.000000e+00
2351.800640   0.000000e+00
2348.036060   0.000000e+00
2345.947490   0.000000e+00
2344.711650   0.000000e+00
2343.056350   0.000000e+00
2339.607480   0.000000e+00
2339.189620   0.000000e+00
2337.872360   0.000000e+00
2336.069490   0.000000e+00
2329.685290   0.000000e+00
2319.935600   0.000000e+00
2311.548980   0.000000e+00
2304.723500   0.000000e+00
2300.315190   0.000000e+00
2298.441800   0.000000e+00
2294.644870   0.000000e+00
2292.901460   0.000000e+00
2290.948250   0.000000e+00
2290.279810   0.000000e+00
2287.923790   0.000000e+00
2285.936560   0.000000e+00
2285.473340   0.000000e+00
2284.763240   0.000000e+00
2282.882220   0.000000e+00
2281.116780   0.000000e+00
2281.044090   0.000000e+00
2281.013550   0.000000e+00
2280.449430   0.000000e+00
2278.643650   0.000000e+00
2277.958850   0.000000e+00
2276.173420   0.000000e+00
2276.139980   0.000000e+00
2275.709910   0.000000e+00
2273.786800   0.000000e+00
2273.745360   0.000000e+00
2273.721370   0.000000e+00
2272.558960   0.000000e+00
2271.390000   0.000000e+00
2271.314390   0.000000e+00
2270.718280   0.000000e+00
2268.363790   0.000000e+00
2267.647580   0.000000e+00
2265.149010   0.000000e+00
2261.801330   0.000000e+00
2256.779100   0.000000e+00
2256.178990   0.000000e+00
2255.597050   0.000000e+00
2254.112960   0.000000e+00
2253.550290   0.000000e+00
2253.515390   0.000000e+00
2252.167600   0.000000e+00
2251.422820   0.000000e+00
2250.860520   0.000000e+00
2250.825620   0.000000e+00
2250.649700   0.000000e+00
2248.191830   0.000000e+00
2248.150390   0.000000e+00
2248.115500   0.000000e+00
2245.518780   0.000000e+00
2245.483890   0.000000e+00
2245.450450   0.000000e+00
2242.863910   0.000000e+00
2242.829010   0.000000e+00
2240.242470   0.000000e+00
2238.286210   0.000000e+00
2236.338670   0.000000e+00
2235.665870   0.000000e+00
2232.443600   0.000000e+00
2229.848330   0.000000e+00
2227.249800   0.000000e+00
2223.373980   0.000000e+00
2219.503630   0.000000e+00
2215.391620   0.000000e+00
2206.730860   0.000000e+00
2202.936100   0.000000e+00
2201.732250   0.000000e+00
2201.700260   0.000000e+00
2198.706040   0.000000e+00
2196.820880   0.000000e+00
2196.748180   0.000000e+00
2196.717650   0.000000e+00
2196.153520   0.000000e+00
2194.382640   0.000000e+00
2194.340470   0.000000e+00
2193.664030   0.000000e+00
2192.040360   0.000000e+00
2191.947310   0.000000e+00
2191.912410   0.000000e+00
2191.881880   0.000000e+00
2191.483790   0.000000e+00
2189.676270   0.000000e+00
2189.586120   0.000000e+00
2189.551230   0.000000e+00
2189.517790   0.000000e+00
2189.123190   0.000000e+00
2187.320900   0.000000e+00
2187.224940   0.000000e+00
2187.190050   0.000000e+00
2187.155150   0.000000e+00
2186.762590   0.000000e+00
2184.793970   0.000000e+00
2184.326970   0.000000e+00
2183.683170   0.000000e+00
2183.648280   0.000000e+00
2183.613380   0.000000e+00
2182.549110   0.000000e+00
2182.514210   0.000000e+00
2182.479320   0.000000e+00
2181.802150   0.000000e+00
2181.310360   0.000000e+00
2180.211190   0.000000e+00
2180.138490   0.000000e+00
2180.103600   0.000000e+00
2180.070160   0.000000e+00
2179.543840   0.000000e+00
2177.692980   0.000000e+00
2177.227730   0.000000e+00
2176.551650   0.000000e+00
2176.516750   0.000000e+00
2175.356520   0.000000e+00
2175.314360   0.000000e+00
2174.161390   0.000000e+00
2174.126490   0.000000e+00
2172.979340   0.000000e+00
2172.422780   0.000000e+00
2171.727510   0.000000e+00
2169.984540   0.000000e+00
2166.720180   0.000000e+00
2166.221070   0.000000e+00
2163.508120   0.000000e+00
2159.095770   0.000000e+00
2158.783470   0.000000e+00
2157.800320   0.000000e+00
2157.718900   0.000000e+00
2157.684010   0.000000e+00
2157.649120   0.000000e+00
2157.614220   0.000000e+00
2157.588780   0.000000e+00
2156.281330   0.000000e+00
2155.464590   0.000000e+00
2154.970980   0.000000e+00
2154.936080   0.000000e+00
2154.901190   0.000000e+00
2154.866290   0.000000e+00
2154.769610   0.000000e+00
2153.377470   0.000000e+00
2153.326770   0.000000e+00
2153.253160   0.000000e+00
2152.644690   0.000000e+00
2152.400430   0.000000e+00
2152.176530   0.000000e+00
2149.460590   0.000000e+00
2149.376260   0.000000e+00
2148.457370   0.000000e+00
2147.872900   0.000000e+00
2146.703940   0.000000e+00
2146.669040   0.000000e+00
2146.634150   0.000000e+00
2146.564360   0.000000e+00
2145.247100   0.000000e+00
2145.212200   0.000000e+00
2145.177310   0.000000e+00
2145.142420   0.000000e+00
2145.107520   0.000000e+00
2145.072630   0.000000e+00
2145.037730   0.000000e+00
2145.002840   0.000000e+00
2144.255880   0.000000e+00
2143.691400   0.000000e+00
2143.656500   0.000000e+00
2142.307250   0.000000e+00
2142.272360   0.000000e+00
2142.237470   0.000000e+00
2141.522130   0.000000e+00
2140.926020   0.000000e+00
2139.581140   0.000000e+00
2138.268240   0.000000e+00
2138.233340   0.000000e+00
2138.198450   0.000000e+00
2138.165010   0.000000e+00
2136.175670   0.000000e+00
2135.578470   0.000000e+00
2132.949040   0.000000e+00
2132.909060   0.000000e+00
2129.687510   0.000000e+00
2127.738880   0.000000e+00
2122.607240   0.000000e+00
2116.207410   0.000000e+00
2105.994280   0.000000e+00
2096.542510   0.000000e+00
2093.213150   0.000000e+00
2083.012020   0.000000e+00
2072.815250   0.000000e+00
2062.621760   0.000000e+00
2052.432620   0.000000e+00
2042.243490   0.000000e+00
2032.054350   0.000000e+00
2021.865210   0.000000e+00
2011.674990   0.000000e+00
2001.481490   0.000000e+00
1991.289080   0.000000e+00
1981.097770   0.000000e+00
1970.902090   0.000000e+00
1960.705320   0.000000e+00
1950.512910   0.000000e+00
1940.317230   0.000000e+00
1930.122640   0.000000e+00
1919.930240   0.000000e+00
1909.741100   0.000000e+00
1899.551970   0.000000e+00
1889.362830   0.000000e+00
1879.173690   0.000000e+00
1868.984560   0.000000e+00
1858.795420   0.000000e+00
1848.605200   0.000000e+00
1838.412790   0.000000e+00
1828.219290   0.000000e+00
1818.029060   0.000000e+00
1807.832300   0.000000e+00
1797.643160   0.000000e+00
1787.445300   0.000000e+00
1777.255070   0.000000e+00
1767.059400   0.000000e+00
1756.869170   0.000000e+00
1746.680030   0.000000e+00
1736.500710   0.000000e+00
1726.326840   0.000000e+00
1716.151880   0.000000e+00
1705.967110   0.000000e+00
1695.771430   0.000000e+00
1685.573570   0.000000e+00
1675.373530   0.000000e+00
1665.184390   0.000000e+00
1655.009430   0.000000e+00
1644.845380   0.000000e+00
1634.670420   0.000000e+00
1624.474740   0.000000e+00
1614.260520   0.000000e+00
1604.052850   0.000000e+00
1593.853900   0.000000e+00
1583.661490   0.000000e+00
1573.469090   0.000000e+00
1563.279950   0.000000e+00
1553.094090   0.000000e+00
1542.912580   0.000000e+00
1532.741620   0.000000e+00
1525.139030   0.000000e+00
1518.812620   0.000000e+00
1512.743410   0.000000e+00
1507.434890   0.000000e+00
1502.118090   0.000000e+00
1495.018850   0.000000e+00
1483.754390   0.000000e+00
1474.018880   0.000000e+00
1465.522110   0.000000e+00
1459.371700   0.000000e+00
1453.988820   0.000000e+00
1448.860450   0.000000e+00
1443.474730   0.000000e+00
1435.797110   0.000000e+00
1425.840020   0.000000e+00
1415.625810   0.000000e+00
1405.405050   0.000000e+00
1395.181020   0.000000e+00
1384.965710   0.000000e+00
1374.761310   0.000000e+00
1364.561270   0.000000e+00
1354.372130   0.000000e+00
1344.186270   2.932870e-04
1334.019310   1.240000e-03
1327.185110   3.090000e-03
1321.634300   5.360000e-03
1316.326440   7.130000e-03
1308.037950   6.710000e-03
1303.289490   5.180000e-03
1295.866750   3.660000e-03
1288.198360   2.530000e-03
1277.996140   1.970000e-03
1267.044780   2.050000e-03
1258.489860   2.940000e-03
1247.704620   2.870000e-03
1241.910710   2.010000e-03
1232.149390   2.150000e-03
1221.973340   2.710000e-03
1212.028680   2.270000e-03
1206.662380   1.550000e-03
1196.467790   0.000000e+00
1186.288470   0.000000e+00
1176.123320   0.000000e+00
1165.958180   0.000000e+00
1156.569430   0.000000e+00
1147.438460   0.000000e+00
1137.793680   0.000000e+00
1127.891760   0.000000e+00
1117.722260   0.000000e+00
1107.541840   0.000000e+00
1097.349440   0.000000e+00
1087.136310   0.000000e+00
1080.739750   0.000000e+00
1071.798090   0.000000e+00
1065.819530   0.000000e+00
1057.215760   0.000000e+00
1053.878770   0.000000e+00
1043.664560   0.000000e+00
1033.452520   0.000000e+00
1023.248120   0.000000e+00
1013.053530   0.000000e+00
1002.865480   0.000000e+00
992.682890    0.000000e+00
982.501390    0.000000e+00
972.320980    0.000000e+00
962.146020    0.000000e+00
951.969970    0.000000e+00
941.793920    0.000000e+00
931.614590    0.000000e+00
921.433090    0.000000e+00
911.251590    0.000000e+00
901.069000    0.000000e+00
890.883130    0.000000e+00
880.695090    0.000000e+00
870.502680    0.000000e+00
860.310270    0.000000e+00
850.114590    0.000000e+00
839.917820    0.000000e+00
829.721050    0.000000e+00
819.523200    0.000000e+00
809.325340    0.000000e+00
799.125300    0.000000e+00
788.928530    0.000000e+00
778.731760    0.000000e+00
768.534990    0.000000e+00
758.339310    0.000000e+00
748.144720    0.000000e+00
737.950130    0.000000e+00
727.757730    0.000000e+00
717.560960    0.000000e+00
707.369640    0.000000e+00
697.175050    0.000000e+00
686.983740    0.000000e+00
676.791330    0.000000e+00
666.605460    0.000000e+00
657.711300    0.000000e+00
648.823180    0.000000e+00
641.212230    0.000000e+00
631.032910    0.000000e+00
622.093420    0.000000e+00
617.984620    0.000000e+00
608.031020    0.000000e+00
597.840790    0.000000e+00
587.668010    0.000000e+00
577.489780    0.000000e+00
567.311550    0.000000e+00
557.121320    0.000000e+00
547.662490    0.000000e+00
538.289660    0.000000e+00
526.557190    0.000000e+00
516.366960    0.000000e+00
